Output from call_eject3d run on 2020-01-07-1130

   i      vi    diam   theta     phi dragtype    xfinal    yfinal    zfinal  distance    tfinal
         m/s       m     deg     deg               m          m         m        m         s
   0   281.4    1.47    89.3   153.7  locube      42.5     -86.0       0.0      96.0      44.3
   1   352.1    0.14    80.9    77.5   shell    1179.8     261.4       0.0    1208.4      45.5
   2   451.0    0.37    79.4    86.6  sphere    1788.5     106.5       0.0    1791.7      48.1
   3   124.0    0.66    52.1   100.3  locube     988.4    -179.0       0.0    1004.5      17.6
   4   195.2    1.83    59.0   331.4   shell   -1541.0    2828.1       0.0    3220.7      33.5
   5    68.8    0.24    21.8   296.9  sphere    -287.3     145.5       0.0     322.0       5.2
   6   150.2    1.12    61.9   103.9  hicube    1358.2    -335.7       0.0    1399.1      24.5
   7     5.5    1.87     5.0     9.6  sphere       0.1       0.5       0.0       0.5       0.1
   8   185.8    0.98    75.1   119.8  locube     871.0    -499.6       0.0    1004.1      30.4
   9   129.3    1.40    44.5   320.2   shell   -1052.9    1263.2       0.0    1644.4      18.3
