Output output/Halemaumau_run003.txt from Eject, Python version, run on 2020-01-07-1130


Block parameters:
                       Block diameter, m:   0.66
                    Block density, kg/m3:   2500
                             Block shape:  locube
                   Initial velocity, m/s:  124.0
 Ejection angle from horizontal, degrees:   52.1
      Ejection direction, degrees E of N:  100.3
                         Wind speed, m/s:    0.0
             Wind direction, deg. E of N:    0.0
landing point meters below takeoff point:      0
     extent of reduced drag zone, meters:    0.0

Meteorologic conditions:
            Temperature at sea level, Celsius:  25.0
            Thermal lapse rate, deg. C per km:  6.50
Elevation of takeoff point above sea level, m:  1000

TRAJECTORY CALCULATIONS
###################################################################################################################################
    i   t (s)     x (m)     y (m)     z (m)   vx(m/s)  vy (m/s)  vz (m/s)   Mach #     Reynolds #     Cd   Temp (K) rho_air (kg/m3)
    0   0.000     0.000     0.000     0.000    74.860   -13.557    97.885    0.361    4843472.503  0.784     291.65      1.078
    1   0.040     2.986    -0.541     3.898    74.695   -13.527    97.278    0.359    4819300.492  0.784     291.62      1.078
    2   0.080     5.966    -1.080     7.772    74.532   -13.497    96.674    0.358    4795276.521  0.784     291.60      1.078
    3   0.120     8.939    -1.619    11.622    74.369   -13.468    96.072    0.356    4771399.186  0.784     291.57      1.077
    4   0.160    11.905    -2.156    15.447    74.208   -13.439    95.473    0.354    4747667.112  0.784     291.55      1.077
    5   0.200    14.865    -2.692    19.249    74.048   -13.410    94.876    0.353    4724078.954  0.783     291.52      1.076
    6   0.240    17.819    -3.227    23.028    73.889   -13.381    94.282    0.351    4700633.394  0.783     291.50      1.076
    7   0.279    20.767    -3.761    26.782    73.732   -13.353    93.690    0.349    4677329.142  0.783     291.48      1.076
    8   0.319    23.708    -4.293    30.513    73.575   -13.324    93.100    0.348    4654164.934  0.783     291.45      1.075
    9   0.359    26.643    -4.825    34.220    73.420   -13.296    92.512    0.346    4631139.533  0.783     291.43      1.075
   10   0.399    29.572    -5.355    37.904    73.266   -13.268    91.927    0.345    4608251.728  0.782     291.40      1.074
   11   0.439    32.494    -5.885    41.565    73.113   -13.241    91.344    0.343    4585500.331  0.782     291.38      1.074
   12   0.479    35.411    -6.413    45.202    72.961   -13.213    90.763    0.341    4562884.180  0.782     291.36      1.074
   13   0.519    38.321    -6.940    48.816    72.810   -13.186    90.185    0.340    4540402.137  0.782     291.33      1.073
   14   0.559    41.226    -7.466    52.407    72.660   -13.159    89.608    0.338    4518053.085  0.782     291.31      1.073
   15   0.599    44.124    -7.991    55.975    72.512   -13.132    89.034    0.337    4495835.934  0.782     291.29      1.073
   16   0.639    47.017    -8.515    59.520    72.364   -13.105    88.462    0.335    4473749.612  0.782     291.26      1.072
   17   0.679    49.904    -9.037    63.043    72.218   -13.078    87.891    0.334    4451793.071  0.781     291.24      1.072
   18   0.719    52.785    -9.559    66.543    72.072   -13.052    87.323    0.332    4429965.284  0.781     291.22      1.072
   19   0.759    55.660   -10.080    70.020    71.928   -13.026    86.757    0.330    4408265.245  0.781     291.19      1.071
   20   0.799    58.529   -10.600    73.474    71.784   -13.000    86.193    0.329    4386691.969  0.781     291.17      1.071
   21   0.838    61.393   -11.118    76.906    71.642   -12.974    85.631    0.327    4365244.490  0.781     291.15      1.070
   22   0.878    64.251   -11.636    80.316    71.500   -12.949    85.071    0.326    4343921.862  0.781     291.13      1.070
   23   0.918    67.103   -12.152    83.703    71.360   -12.923    84.513    0.324    4322723.159  0.781     291.11      1.070
   24   0.958    69.950   -12.668    87.068    71.221   -12.898    83.957    0.323    4301647.473  0.781     291.08      1.069
   25   0.998    72.791   -13.182    90.411    71.082   -12.873    83.403    0.322    4280693.915  0.781     291.06      1.069
   26   1.038    75.627   -13.696    93.731    70.945   -12.848    82.850    0.320    4259861.615  0.781     291.04      1.069
   27   1.078    78.457   -14.208    97.030    70.808   -12.823    82.300    0.319    4239149.718  0.780     291.02      1.068
   28   1.118    81.282   -14.720   100.307    70.673   -12.799    81.751    0.317    4218557.391  0.780     291.00      1.068
   29   1.158    84.102   -15.231   103.562    70.538   -12.774    81.204    0.316    4198083.813  0.780     290.98      1.068
   30   1.198    86.916   -15.740   106.795    70.404   -12.750    80.659    0.314    4177728.185  0.780     290.96      1.067
   31   1.238    89.724   -16.249   110.006    70.271   -12.726    80.116    0.313    4157489.722  0.780     290.93      1.067
   32   1.278    92.528   -16.757   113.196    70.140   -12.702    79.575    0.311    4137367.654  0.780     290.91      1.067
   33   1.318    95.326   -17.263   116.364    70.009   -12.678    79.035    0.310    4117361.230  0.780     290.89      1.066
   34   1.357    98.119   -17.769   119.511    69.879   -12.655    78.497    0.309    4097469.714  0.780     290.87      1.066
   35   1.397   100.907   -18.274   122.636    69.749   -12.631    77.961    0.307    4077692.383  0.780     290.85      1.066
   36   1.437   103.689   -18.778   125.740    69.621   -12.608    77.426    0.306    4058028.533  0.780     290.83      1.066
   37   1.477   106.467   -19.281   128.822    69.494   -12.585    76.894    0.304    4038477.473  0.780     290.81      1.065
   38   1.517   109.240   -19.783   131.883    69.367   -12.562    76.362    0.303    4019038.526  0.780     290.79      1.065
   39   1.557   112.007   -20.284   134.923    69.241   -12.539    75.833    0.302    3999711.032  0.780     290.77      1.065
   40   1.597   114.769   -20.784   137.942    69.116   -12.517    75.305    0.300    3980494.343  0.780     290.75      1.064
   41   1.637   117.527   -21.284   140.940    68.992   -12.494    74.779    0.299    3961387.827  0.780     290.73      1.064
   42   1.677   120.279   -21.782   143.917    68.869   -12.472    74.254    0.298    3942390.864  0.780     290.71      1.064
   43   1.717   123.027   -22.280   146.873    68.747   -12.450    73.731    0.296    3923502.849  0.779     290.70      1.063
   44   1.757   125.770   -22.777   149.808    68.625   -12.428    73.210    0.295    3904723.191  0.779     290.68      1.063
   45   1.797   128.508   -23.272   152.722    68.504   -12.406    72.690    0.293    3886051.312  0.779     290.66      1.063
   46   1.837   131.241   -23.767   155.616    68.384   -12.384    72.171    0.292    3867486.645  0.779     290.64      1.062
   47   1.877   133.969   -24.261   158.489    68.265   -12.363    71.655    0.291    3849028.639  0.779     290.62      1.062
   48   1.916   136.693   -24.755   161.341    68.147   -12.341    71.139    0.290    3830676.755  0.779     290.60      1.062
   49   1.956   139.411   -25.247   164.173    68.029   -12.320    70.625    0.288    3812430.466  0.779     290.58      1.062
   50   1.996   142.126   -25.739   166.984    67.912   -12.299    70.113    0.287    3794289.257  0.779     290.56      1.061
   51   2.036   144.835   -26.229   169.775    67.796   -12.278    69.602    0.286    3776252.628  0.779     290.55      1.061
   52   2.076   147.540   -26.719   172.545    67.681   -12.257    69.093    0.284    3758320.087  0.779     290.53      1.061
   53   2.116   150.240   -27.208   175.295    67.566   -12.236    68.585    0.283    3740491.158  0.779     290.51      1.060
   54   2.156   152.936   -27.696   178.025    67.453   -12.216    68.078    0.282    3722765.375  0.779     290.49      1.060
   55   2.196   155.627   -28.184   180.735    67.340   -12.195    67.573    0.281    3705142.285  0.779     290.48      1.060
   56   2.236   158.314   -28.670   183.424    67.227   -12.175    67.069    0.279    3687621.444  0.779     290.46      1.060
   57   2.276   160.996   -29.156   186.094    67.116   -12.155    66.567    0.278    3670202.422  0.779     290.44      1.059
   58   2.316   163.674   -29.641   188.743    67.005   -12.134    66.065    0.277    3652884.800  0.779     290.42      1.059
   59   2.356   166.348   -30.125   191.373    66.895   -12.114    65.566    0.276    3635668.169  0.779     290.41      1.059
   60   2.396   169.017   -30.609   193.982    66.785   -12.095    65.067    0.274    3618552.134  0.779     290.39      1.059
   61   2.435   171.681   -31.091   196.572    66.677   -12.075    64.570    0.273    3601536.307  0.779     290.37      1.058
   62   2.475   174.342   -31.573   199.142    66.569   -12.055    64.075    0.272    3584620.315  0.779     290.36      1.058
   63   2.515   176.998   -32.054   201.692    66.461   -12.036    63.580    0.271    3567803.792  0.778     290.34      1.058
   64   2.555   179.649   -32.534   204.222    66.355   -12.017    63.087    0.269    3551086.386  0.778     290.32      1.058
   65   2.595   182.297   -33.014   206.732    66.249   -11.997    62.595    0.268    3534467.755  0.778     290.31      1.057
   66   2.635   184.940   -33.492   209.223    66.143   -11.978    62.105    0.267    3517947.565  0.778     290.29      1.057
   67   2.675   187.579   -33.970   211.695    66.039   -11.959    61.615    0.266    3501525.495  0.778     290.27      1.057
   68   2.715   190.214   -34.447   214.147    65.935   -11.941    61.127    0.265    3485201.234  0.778     290.26      1.057
   69   2.755   192.845   -34.924   216.579    65.831   -11.922    60.640    0.263    3468974.481  0.778     290.24      1.056
   70   2.795   195.472   -35.399   218.992    65.729   -11.903    60.155    0.262    3452844.944  0.778     290.23      1.056
   71   2.835   198.094   -35.874   221.386    65.627   -11.885    59.670    0.261    3436812.343  0.778     290.21      1.056
   72   2.875   200.713   -36.349   223.760    65.525   -11.867    59.187    0.260    3420876.408  0.778     290.20      1.056
   73   2.915   203.327   -36.822   226.115    65.425   -11.848    58.705    0.259    3405036.876  0.778     290.18      1.055
   74   2.955   205.938   -37.295   228.451    65.325   -11.830    58.224    0.258    3389293.497  0.778     290.17      1.055
   75   2.994   208.544   -37.767   230.768    65.225   -11.812    57.744    0.257    3373646.030  0.778     290.15      1.055
   76   3.034   211.147   -38.238   233.065    65.126   -11.794    57.265    0.255    3358094.242  0.778     290.14      1.055
   77   3.074   213.745   -38.709   235.344    65.028   -11.776    56.788    0.254    3342637.913  0.778     290.12      1.054
   78   3.114   216.340   -39.179   237.603    64.931   -11.759    56.312    0.253    3327276.829  0.778     290.11      1.054
   79   3.154   218.931   -39.648   239.844    64.834   -11.741    55.836    0.252    3312010.788  0.777     290.09      1.054
   80   3.194   221.518   -40.116   242.065    64.737   -11.724    55.362    0.251    3296839.596  0.777     290.08      1.054
   81   3.234   224.101   -40.584   244.267    64.641   -11.706    54.889    0.250    3281763.068  0.777     290.06      1.054
   82   3.274   226.680   -41.051   246.451    64.546   -11.689    54.417    0.249    3266781.030  0.777     290.05      1.053
   83   3.314   229.255   -41.518   248.616    64.452   -11.672    53.946    0.248    3251893.315  0.777     290.03      1.053
   84   3.354   231.827   -41.983   250.762    64.358   -11.655    53.476    0.247    3237099.766  0.777     290.02      1.053
   85   3.394   234.395   -42.448   252.889    64.264   -11.638    53.008    0.246    3222400.233  0.777     290.01      1.053
   86   3.434   236.959   -42.913   254.998    64.171   -11.621    52.540    0.244    3207794.576  0.777     289.99      1.052
   87   3.474   239.520   -43.377   257.088    64.079   -11.605    52.073    0.243    3193282.661  0.777     289.98      1.052
   88   3.513   242.077   -43.840   259.159    63.987   -11.588    51.607    0.242    3178864.366  0.777     289.97      1.052
   89   3.553   244.630   -44.302   261.212    63.896   -11.571    51.143    0.241    3164539.574  0.777     289.95      1.052
   90   3.593   247.180   -44.764   263.246    63.805   -11.555    50.679    0.240    3150308.178  0.777     289.94      1.052
   91   3.633   249.726   -45.225   265.262    63.715   -11.539    50.216    0.239    3136170.081  0.776     289.93      1.051
   92   3.673   252.268   -45.685   267.259    63.626   -11.522    49.755    0.238    3122125.190  0.776     289.91      1.051
   93   3.713   254.807   -46.145   269.238    63.537   -11.506    49.294    0.237    3108173.425  0.776     289.90      1.051
   94   3.753   257.342   -46.604   271.198    63.448   -11.490    48.834    0.236    3094314.711  0.776     289.89      1.051
   95   3.793   259.874   -47.063   273.140    63.360   -11.474    48.375    0.235    3080548.982  0.776     289.87      1.051
   96   3.833   262.402   -47.520   275.064    63.273   -11.459    47.917    0.234    3066876.182  0.776     289.86      1.050
   97   3.873   264.927   -47.978   276.970    63.186   -11.443    47.460    0.233    3053296.260  0.776     289.85      1.050
   98   3.913   267.448   -48.434   278.857    63.099   -11.427    47.004    0.232    3039809.176  0.776     289.84      1.050
   99   3.953   269.966   -48.890   280.726    63.014   -11.412    46.549    0.231    3026414.897  0.776     289.83      1.050
  100   3.993   272.480   -49.346   282.577    62.928   -11.396    46.095    0.230    3013113.398  0.776     289.81      1.050
  101   4.033   274.992   -49.800   284.410    62.843   -11.381    45.642    0.229    2999904.660  0.776     289.80      1.050
  102   4.072   277.499   -50.254   286.225    62.759   -11.366    45.189    0.228    2986788.677  0.775     289.79      1.049
  103   4.112   280.004   -50.708   288.021    62.675   -11.350    44.738    0.227    2973765.445  0.775     289.78      1.049
  104   4.152   282.504   -51.161   289.800    62.592   -11.335    44.287    0.226    2960834.972  0.775     289.77      1.049
  105   4.192   285.002   -51.613   291.561    62.509   -11.320    43.837    0.225    2947997.272  0.775     289.75      1.049
  106   4.232   287.496   -52.065   293.304    62.426   -11.305    43.388    0.224    2935252.368  0.775     289.74      1.049
  107   4.272   289.988   -52.516   295.028    62.344   -11.290    42.940    0.224    2922600.289  0.775     289.73      1.048
  108   4.312   292.475   -52.967   296.735    62.263   -11.276    42.493    0.223    2910041.072  0.775     289.72      1.048
  109   4.352   294.960   -53.417   298.425    62.182   -11.261    42.046    0.222    2897574.763  0.775     289.71      1.048
  110   4.392   297.441   -53.866   300.096    62.101   -11.246    41.601    0.221    2885201.413  0.775     289.70      1.048
  111   4.432   299.919   -54.315   301.749    62.021   -11.232    41.156    0.220    2872921.083  0.775     289.69      1.048
  112   4.472   302.394   -54.763   303.385    61.942   -11.218    40.712    0.219    2860733.841  0.775     289.68      1.048
  113   4.512   304.866   -55.211   305.003    61.863   -11.203    40.269    0.218    2848639.759  0.774     289.67      1.047
  114   4.552   307.335   -55.658   306.604    61.784   -11.189    39.826    0.217    2836638.921  0.774     289.66      1.047
  115   4.591   309.800   -56.104   308.187    61.706   -11.175    39.385    0.216    2824731.414  0.774     289.65      1.047
  116   4.631   312.262   -56.550   309.752    61.628   -11.161    38.944    0.215    2812917.335  0.774     289.64      1.047
  117   4.671   314.722   -56.995   311.299    61.550   -11.147    38.504    0.215    2801196.786  0.774     289.63      1.047
  118   4.711   317.178   -57.440   312.829    61.473   -11.133    38.065    0.214    2789569.877  0.774     289.62      1.047
  119   4.751   319.631   -57.884   314.342    61.397   -11.119    37.626    0.213    2778036.724  0.774     289.61      1.047
  120   4.791   322.081   -58.328   315.837    61.321   -11.105    37.188    0.212    2766597.450  0.774     289.60      1.046
  121   4.831   324.528   -58.771   317.314    61.245   -11.091    36.751    0.211    2755252.185  0.774     289.59      1.046
  122   4.871   326.972   -59.214   318.774    61.170   -11.078    36.315    0.210    2744001.064  0.774     289.58      1.046
  123   4.911   329.413   -59.656   320.217    61.095   -11.064    35.879    0.209    2732844.230  0.774     289.57      1.046
  124   4.951   331.851   -60.097   321.642    61.020   -11.051    35.444    0.209    2721781.832  0.773     289.56      1.046
  125   4.991   334.286   -60.538   323.050    60.946   -11.037    35.010    0.208    2710814.023  0.773     289.55      1.046
  126   5.031   336.718   -60.979   324.441    60.872   -11.024    34.576    0.207    2699940.966  0.773     289.54      1.046
  127   5.071   339.147   -61.419   325.814    60.799   -11.011    34.144    0.206    2689162.826  0.773     289.53      1.045
  128   5.111   341.574   -61.858   327.170    60.726   -10.997    33.711    0.205    2678479.776  0.773     289.52      1.045
  129   5.150   343.997   -62.297   328.509    60.654   -10.984    33.280    0.205    2667891.994  0.773     289.51      1.045
  130   5.190   346.417   -62.735   329.830    60.582   -10.971    32.849    0.204    2657399.664  0.773     289.51      1.045
  131   5.230   348.835   -63.173   331.135    60.510   -10.958    32.419    0.203    2647002.973  0.773     289.50      1.045
  132   5.270   351.250   -63.611   332.422    60.438   -10.945    31.990    0.202    2636702.118  0.773     289.49      1.045
  133   5.310   353.662   -64.047   333.692    60.367   -10.932    31.561    0.202    2626497.296  0.773     289.48      1.045
  134   5.350   356.071   -64.484   334.945    60.297   -10.920    31.133    0.201    2616388.712  0.773     289.47      1.044
  135   5.390   358.477   -64.919   336.181    60.226   -10.907    30.705    0.200    2606376.574  0.773     289.46      1.044
  136   5.430   360.880   -65.355   337.400    60.157   -10.894    30.279    0.199    2596461.098  0.772     289.46      1.044
  137   5.470   363.281   -65.789   338.601    60.087   -10.882    29.852    0.199    2586642.499  0.772     289.45      1.044
  138   5.510   365.679   -66.224   339.786    60.018   -10.869    29.427    0.198    2576921.001  0.772     289.44      1.044
  139   5.550   368.074   -66.657   340.954    59.949   -10.857    29.002    0.197    2567296.831  0.772     289.43      1.044
  140   5.590   370.466   -67.091   342.105    59.880   -10.844    28.577    0.196    2557770.218  0.772     289.43      1.044
  141   5.630   372.856   -67.523   343.239    59.812   -10.832    28.154    0.196    2548341.397  0.772     289.42      1.044
  142   5.669   375.243   -67.956   344.356    59.744   -10.820    27.731    0.195    2539010.606  0.772     289.41      1.044
  143   5.709   377.627   -68.387   345.456    59.677   -10.807    27.308    0.194    2529778.086  0.772     289.40      1.043
  144   5.749   380.009   -68.819   346.539    59.610   -10.795    26.886    0.194    2520644.081  0.772     289.40      1.043
  145   5.789   382.387   -69.249   347.606    59.543   -10.783    26.465    0.193    2511608.839  0.772     289.39      1.043
  146   5.829   384.764   -69.680   348.655    59.476   -10.771    26.044    0.192    2502672.611  0.772     289.38      1.043
  147   5.869   387.137   -70.110   349.688    59.410   -10.759    25.624    0.192    2493835.648  0.772     289.38      1.043
  148   5.909   389.508   -70.539   350.704    59.344   -10.747    25.204    0.191    2485098.207  0.772     289.37      1.043
  149   5.949   391.876   -70.968   351.704    59.278   -10.735    24.785    0.190    2476460.544  0.772     289.36      1.043
  150   5.989   394.242   -71.396   352.686    59.213   -10.723    24.367    0.190    2467922.920  0.772     289.36      1.043
  151   6.029   396.605   -71.824   353.652    59.148   -10.712    23.949    0.189    2459485.596  0.771     289.35      1.043
  152   6.069   398.965   -72.252   354.601    59.083   -10.700    23.531    0.188    2451148.834  0.771     289.35      1.042
  153   6.109   401.323   -72.679   355.534    59.019   -10.688    23.114    0.188    2442912.898  0.771     289.34      1.042
  154   6.149   403.679   -73.105   356.450    58.955   -10.677    22.698    0.187    2434778.055  0.771     289.33      1.042
  155   6.189   406.031   -73.531   357.349    58.891   -10.665    22.282    0.187    2426744.568  0.771     289.33      1.042
  156   6.228   408.382   -73.957   358.232    58.827   -10.653    21.867    0.186    2418812.706  0.771     289.32      1.042
  157   6.268   410.729   -74.382   359.098    58.764   -10.642    21.452    0.185    2410982.735  0.771     289.32      1.042
  158   6.308   413.074   -74.807   359.948    58.701   -10.631    21.038    0.185    2403254.921  0.771     289.31      1.042
  159   6.348   415.417   -75.231   360.781    58.638   -10.619    20.624    0.184    2395629.532  0.771     289.30      1.042
  160   6.388   417.757   -75.655   361.597    58.576   -10.608    20.211    0.184    2388106.835  0.771     289.30      1.042
  161   6.428   420.095   -76.078   362.397    58.514   -10.597    19.799    0.183    2380687.094  0.771     289.29      1.042
  162   6.468   422.430   -76.501   363.181    58.452   -10.585    19.386    0.183    2373370.574  0.771     289.29      1.042
  163   6.508   424.763   -76.924   363.948    58.390   -10.574    18.975    0.182    2366157.539  0.771     289.28      1.042
  164   6.548   427.093   -77.346   364.699    58.329   -10.563    18.564    0.182    2359048.251  0.771     289.28      1.041
  165   6.588   429.421   -77.767   365.433    58.268   -10.552    18.153    0.181    2352042.971  0.771     289.27      1.041
  166   6.628   431.746   -78.188   366.151    58.207   -10.541    17.743    0.181    2345141.955  0.771     289.27      1.041
  167   6.668   434.069   -78.609   366.853    58.146   -10.530    17.333    0.180    2338345.461  0.771     289.27      1.041
  168   6.708   436.390   -79.029   367.538    58.086   -10.519    16.924    0.179    2331653.741  0.771     289.26      1.041
  169   6.747   438.708   -79.449   368.207    58.025   -10.508    16.515    0.179    2325067.046  0.771     289.26      1.041
  170   6.787   441.023   -79.868   368.859    57.965   -10.497    16.107    0.179    2318585.623  0.771     289.25      1.041
  171   6.827   443.337   -80.287   369.496    57.906   -10.487    15.699    0.178    2312209.715  0.770     289.25      1.041
  172   6.867   445.648   -80.706   370.116    57.846   -10.476    15.292    0.178    2305939.564  0.770     289.24      1.041
  173   6.907   447.956   -81.124   370.719    57.787   -10.465    14.885    0.177    2299775.404  0.770     289.24      1.041
  174   6.947   450.263   -81.542   371.307    57.728   -10.454    14.478    0.177    2293717.467  0.770     289.24      1.041
  175   6.987   452.566   -81.959   371.878    57.669   -10.444    14.072    0.176    2287765.981  0.770     289.23      1.041
  176   7.027   454.868   -82.376   372.433    57.611   -10.433    13.667    0.176    2281921.168  0.770     289.23      1.041
  177   7.067   457.167   -82.792   372.972    57.552   -10.423    13.262    0.175    2276183.243  0.770     289.23      1.041
  178   7.107   459.464   -83.208   373.495    57.494   -10.412    12.857    0.175    2270552.420  0.770     289.22      1.041
  179   7.147   461.758   -83.623   374.002    57.436   -10.402    12.453    0.174    2265028.903  0.770     289.22      1.041
  180   7.187   464.051   -84.039   374.492    57.378   -10.391    12.049    0.174    2259612.893  0.770     289.22      1.041
  181   7.227   466.341   -84.453   374.967    57.321   -10.381    11.646    0.174    2254304.582  0.770     289.21      1.040
  182   7.267   468.628   -84.867   375.425    57.263   -10.370    11.243    0.173    2249104.157  0.770     289.21      1.040
  183   7.306   470.914   -85.281   375.867    57.206   -10.360    10.841    0.173    2244011.797  0.770     289.21      1.040
  184   7.346   473.197   -85.695   376.293    57.149   -10.350    10.439    0.172    2239027.676  0.770     289.20      1.040
  185   7.386   475.477   -86.108   376.703    57.092   -10.339    10.037    0.172    2234151.958  0.770     289.20      1.040
  186   7.426   477.756   -86.520   377.097    57.036   -10.329     9.636    0.172    2229384.800  0.770     289.20      1.040
  187   7.466   480.032   -86.933   377.475    56.979   -10.319     9.235    0.171    2224726.351  0.770     289.20      1.040
  188   7.506   482.306   -87.345   377.837    56.923   -10.309     8.835    0.171    2220176.753  0.770     289.19      1.040
  189   7.546   484.578   -87.756   378.184    56.867   -10.298     8.435    0.171    2215736.137  0.770     289.19      1.040
  190   7.586   486.847   -88.167   378.514    56.811   -10.288     8.035    0.170    2211404.627  0.770     289.19      1.040
  191   7.626   489.115   -88.578   378.828    56.755   -10.278     7.636    0.170    2207182.337  0.770     289.19      1.040
  192   7.666   491.380   -88.988   379.126    56.699   -10.268     7.238    0.170    2203069.372  0.770     289.19      1.040
  193   7.706   493.643   -89.398   379.408    56.644   -10.258     6.839    0.169    2199065.827  0.770     289.18      1.040
  194   7.746   495.903   -89.807   379.675    56.589   -10.248     6.441    0.169    2195171.788  0.770     289.18      1.040
  195   7.786   498.162   -90.216   379.925    56.534   -10.238     6.044    0.169    2191387.330  0.770     289.18      1.040
  196   7.825   500.418   -90.625   380.160    56.479   -10.228     5.647    0.169    2187712.518  0.770     289.18      1.040
  197   7.865   502.672   -91.033   380.379    56.424   -10.218     5.250    0.168    2184147.405  0.770     289.18      1.040
  198   7.905   504.924   -91.441   380.582    56.369   -10.208     4.854    0.168    2180692.037  0.770     289.18      1.040
  199   7.945   507.174   -91.848   380.769    56.314   -10.198     4.458    0.168    2177346.445  0.770     289.18      1.040
  200   7.985   509.421   -92.255   380.941    56.260   -10.189     4.062    0.168    2174110.651  0.770     289.17      1.040
  201   8.025   511.666   -92.662   381.096    56.206   -10.179     3.667    0.167    2170984.664  0.770     289.17      1.040
  202   8.065   513.910   -93.068   381.236    56.151   -10.169     3.272    0.167    2167968.483  0.770     289.17      1.040
  203   8.105   516.151   -93.474   381.360    56.097   -10.159     2.878    0.167    2165062.095  0.770     289.17      1.040
  204   8.145   518.389   -93.879   381.469    56.044   -10.149     2.484    0.167    2162265.475  0.770     289.17      1.040
  205   8.185   520.626   -94.284   381.561    55.990   -10.140     2.091    0.166    2159578.583  0.770     289.17      1.040
  206   8.225   522.861   -94.689   381.638    55.936   -10.130     1.697    0.166    2157001.372  0.770     289.17      1.040
  207   8.265   525.093   -95.093   381.699    55.882   -10.120     1.304    0.166    2154533.779  0.770     289.17      1.040
  208   8.305   527.323   -95.497   381.745    55.829   -10.111     0.912    0.166    2152175.728  0.770     289.17      1.040
  209   8.345   529.551   -95.901   381.775    55.776   -10.101     0.520    0.166    2149927.133  0.770     289.17      1.040
  210   8.384   531.777   -96.304   381.789    55.722   -10.091     0.128    0.166    2147787.893  0.770     289.17      1.040
  211   8.424   534.001   -96.706   381.788    55.669   -10.082    -0.263    0.165    2145757.895  0.770     289.17      1.040
  212   8.464   536.223   -97.109   381.771    55.616   -10.072    -0.654    0.165    2143837.012  0.770     289.17      1.040
  213   8.504   538.443   -97.511   381.738    55.563   -10.062    -1.045    0.165    2142025.106  0.769     289.17      1.040
  214   8.544   540.660   -97.912   381.690    55.510   -10.053    -1.435    0.165    2140322.023  0.769     289.17      1.040
  215   8.584   542.876   -98.314   381.626    55.458   -10.043    -1.825    0.165    2138727.598  0.769     289.17      1.040
  216   8.624   545.089   -98.714   381.547    55.405   -10.034    -2.214    0.165    2137241.652  0.769     289.17      1.040
  217   8.664   547.300   -99.115   381.452    55.353   -10.024    -2.603    0.165    2135863.992  0.769     289.17      1.040
  218   8.704   549.509   -99.515   381.341    55.300   -10.015    -2.992    0.165    2134594.412  0.769     289.17      1.040
  219   8.744   551.716   -99.915   381.215    55.248   -10.005    -3.381    0.164    2133432.693  0.769     289.17      1.040
  220   8.784   553.921  -100.314   381.074    55.195    -9.996    -3.769    0.164    2132378.601  0.769     289.17      1.040
  221   8.824   556.124  -100.713   380.917    55.143    -9.986    -4.156    0.164    2131431.892  0.769     289.17      1.040
  222   8.864   558.325  -101.111   380.745    55.091    -9.977    -4.544    0.164    2130592.305  0.769     289.18      1.040
  223   8.903   560.524  -101.510   380.557    55.039    -9.967    -4.930    0.164    2129859.567  0.769     289.18      1.040
  224   8.943   562.720  -101.907   380.354    54.987    -9.958    -5.317    0.164    2129233.392  0.769     289.18      1.040
  225   8.983   564.915  -102.305   380.135    54.935    -9.949    -5.703    0.164    2128713.479  0.769     289.18      1.040
  226   9.023   567.107  -102.702   379.901    54.883    -9.939    -6.089    0.164    2128299.516  0.769     289.18      1.040
  227   9.063   569.297  -103.098   379.651    54.831    -9.930    -6.474    0.164    2127991.176  0.769     289.18      1.040
  228   9.103   571.486  -103.495   379.386    54.779    -9.920    -6.860    0.164    2127788.120  0.769     289.18      1.040
  229   9.143   573.672  -103.891   379.106    54.727    -9.911    -7.244    0.164    2127689.994  0.769     289.19      1.040
  230   9.183   575.856  -104.286   378.810    54.676    -9.902    -7.629    0.164    2127696.434  0.769     289.19      1.040
  231   9.223   578.038  -104.681   378.499    54.624    -9.892    -8.013    0.164    2127807.061  0.769     289.19      1.040
  232   9.263   580.218  -105.076   378.173    54.572    -9.883    -8.396    0.164    2128021.484  0.769     289.19      1.040
  233   9.303   582.396  -105.471   377.832    54.521    -9.874    -8.780    0.164    2128339.298  0.769     289.19      1.040
  234   9.343   584.572  -105.865   377.475    54.469    -9.864    -9.163    0.164    2128760.086  0.769     289.20      1.040
  235   9.383   586.746  -106.258   377.102    54.418    -9.855    -9.545    0.164    2129283.422  0.769     289.20      1.040
  236   9.422   588.918  -106.652   376.715    54.366    -9.846    -9.927    0.164    2129908.862  0.769     289.20      1.040
  237   9.462   591.088  -107.045   376.312    54.315    -9.836   -10.309    0.164    2130635.953  0.769     289.20      1.040
  238   9.502   593.255  -107.437   375.894    54.263    -9.827   -10.691    0.164    2131464.232  0.769     289.21      1.040
  239   9.542   595.421  -107.829   375.461    54.212    -9.818   -11.072    0.164    2132393.220  0.769     289.21      1.040
  240   9.582   597.585  -108.221   375.013    54.161    -9.808   -11.452    0.164    2133422.429  0.769     289.21      1.040
  241   9.622   599.746  -108.613   374.549    54.109    -9.799   -11.833    0.164    2134551.359  0.769     289.22      1.041
  242   9.662   601.906  -109.004   374.070    54.058    -9.790   -12.213    0.165    2135779.500  0.769     289.22      1.041
  243   9.702   604.063  -109.394   373.577    54.007    -9.780   -12.592    0.165    2137106.328  0.769     289.22      1.041
  244   9.742   606.219  -109.785   373.067    53.955    -9.771   -12.972    0.165    2138531.313  0.769     289.23      1.041
  245   9.782   608.372  -110.175   372.543    53.904    -9.762   -13.351    0.165    2140053.909  0.769     289.23      1.041
  246   9.822   610.523  -110.564   372.004    53.853    -9.753   -13.729    0.165    2141673.564  0.769     289.23      1.041
  247   9.862   612.673  -110.954   371.449    53.802    -9.743   -14.107    0.165    2143389.713  0.769     289.24      1.041
  248   9.902   614.820  -111.342   370.880    53.750    -9.734   -14.485    0.165    2145201.784  0.769     289.24      1.041
  249   9.942   616.965  -111.731   370.295    53.699    -9.725   -14.863    0.165    2147109.192  0.770     289.24      1.041
  250   9.981   619.108  -112.119   369.696    53.648    -9.716   -15.240    0.165    2149111.345  0.770     289.25      1.041
  251  10.021   621.249  -112.507   369.081    53.597    -9.706   -15.616    0.166    2151207.642  0.770     289.25      1.041
  252  10.061   623.388  -112.894   368.451    53.546    -9.697   -15.992    0.166    2153397.471  0.770     289.26      1.041
  253  10.101   625.525  -113.281   367.806    53.494    -9.688   -16.368    0.166    2155680.213  0.770     289.26      1.041
  254  10.141   627.660  -113.668   367.147    53.443    -9.678   -16.744    0.166    2158055.241  0.770     289.26      1.041
  255  10.181   629.793  -114.054   366.472    53.392    -9.669   -17.119    0.166    2160521.918  0.770     289.27      1.041
  256  10.221   631.924  -114.440   365.782    53.340    -9.660   -17.494    0.166    2163079.602  0.770     289.27      1.041
  257  10.261   634.053  -114.825   365.077    53.289    -9.651   -17.868    0.167    2165727.640  0.770     289.28      1.041
  258  10.301   636.180  -115.211   364.358    53.238    -9.641   -18.242    0.167    2168465.374  0.770     289.28      1.042
  259  10.341   638.304  -115.595   363.623    53.187    -9.632   -18.616    0.167    2171292.138  0.770     289.29      1.042
  260  10.381   640.427  -115.980   362.874    53.135    -9.623   -18.989    0.167    2174207.261  0.770     289.29      1.042
  261  10.421   642.548  -116.364   362.109    53.084    -9.613   -19.362    0.168    2177210.063  0.770     289.30      1.042
  262  10.461   644.666  -116.748   361.330    53.032    -9.604   -19.735    0.168    2180299.858  0.770     289.30      1.042
  263  10.500   646.783  -117.131   360.536    52.981    -9.595   -20.107    0.168    2183475.956  0.770     289.31      1.042
  264  10.540   648.897  -117.514   359.727    52.930    -9.585   -20.478    0.168    2186737.661  0.770     289.31      1.042
  265  10.580   651.009  -117.896   358.903    52.878    -9.576   -20.850    0.168    2190084.268  0.770     289.32      1.042
  266  10.620   653.120  -118.278   358.065    52.827    -9.567   -21.221    0.169    2193515.072  0.770     289.32      1.042
  267  10.660   655.228  -118.660   357.211    52.775    -9.557   -21.591    0.169    2197029.360  0.770     289.33      1.042
  268  10.700   657.334  -119.042   356.343    52.724    -9.548   -21.961    0.169    2200626.414  0.770     289.33      1.042
  269  10.740   659.439  -119.423   355.460    52.672    -9.539   -22.331    0.170    2204305.514  0.770     289.34      1.042
  270  10.780   661.541  -119.803   354.562    52.620    -9.529   -22.700    0.170    2208065.935  0.770     289.35      1.043
  271  10.820   663.641  -120.184   353.650    52.569    -9.520   -23.069    0.170    2211906.946  0.770     289.35      1.043
  272  10.860   665.739  -120.564   352.723    52.517    -9.511   -23.438    0.170    2215827.816  0.770     289.36      1.043
  273  10.900   667.835  -120.943   351.781    52.465    -9.501   -23.806    0.171    2219827.808  0.770     289.36      1.043
  274  10.940   669.928  -121.322   350.824    52.413    -9.492   -24.173    0.171    2223906.183  0.770     289.37      1.043
  275  10.980   672.020  -121.701   349.853    52.361    -9.483   -24.541    0.171    2228062.200  0.770     289.38      1.043
  276  11.020   674.110  -122.080   348.867    52.310    -9.473   -24.908    0.172    2232295.114  0.770     289.38      1.043
  277  11.059   676.198  -122.458   347.867    52.258    -9.464   -25.274    0.172    2236604.178  0.770     289.39      1.043
  278  11.099   678.283  -122.836   346.851    52.206    -9.454   -25.640    0.172    2240988.644  0.770     289.40      1.043
  279  11.139   680.367  -123.213   345.822    52.154    -9.445   -26.006    0.173    2245447.761  0.770     289.40      1.043
  280  11.179   682.448  -123.590   344.777    52.101    -9.435   -26.371    0.173    2249980.776  0.770     289.41      1.043
  281  11.219   684.527  -123.966   343.718    52.049    -9.426   -26.736    0.173    2254586.938  0.770     289.42      1.044
  282  11.259   686.605  -124.343   342.645    51.997    -9.417   -27.100    0.174    2259265.491  0.770     289.42      1.044
  283  11.299   688.680  -124.718   341.557    51.945    -9.407   -27.464    0.174    2264015.679  0.770     289.43      1.044
  284  11.339   690.753  -125.094   340.454    51.892    -9.398   -27.828    0.174    2268836.747  0.770     289.44      1.044
  285  11.379   692.824  -125.469   339.337    51.840    -9.388   -28.191    0.175    2273727.939  0.770     289.44      1.044
  286  11.419   694.893  -125.843   338.205    51.787    -9.379   -28.553    0.175    2278688.497  0.770     289.45      1.044
  287  11.459   696.959  -126.218   337.059    51.735    -9.369   -28.916    0.175    2283717.665  0.770     289.46      1.044
  288  11.499   699.024  -126.592   335.899    51.682    -9.360   -29.278    0.176    2288814.687  0.770     289.47      1.044
  289  11.539   701.087  -126.965   334.724    51.630    -9.350   -29.639    0.176    2293978.806  0.770     289.47      1.044
  290  11.578   703.147  -127.338   333.535    51.577    -9.340   -30.000    0.176    2299209.267  0.770     289.48      1.045
  291  11.618   705.206  -127.711   332.331    51.524    -9.331   -30.360    0.177    2304505.315  0.770     289.49      1.045
  292  11.658   707.262  -128.083   331.113    51.471    -9.321   -30.720    0.177    2309866.197  0.770     289.50      1.045
  293  11.698   709.316  -128.455   329.880    51.418    -9.312   -31.080    0.178    2315291.159  0.770     289.51      1.045
  294  11.738   711.368  -128.827   328.633    51.365    -9.302   -31.439    0.178    2320779.451  0.770     289.51      1.045
  295  11.778   713.418  -129.198   327.372    51.312    -9.293   -31.798    0.178    2326330.323  0.770     289.52      1.045
  296  11.818   715.466  -129.569   326.097    51.259    -9.283   -32.156    0.179    2331943.027  0.771     289.53      1.045
  297  11.858   717.511  -129.940   324.807    51.206    -9.273   -32.514    0.179    2337616.816  0.771     289.54      1.045
  298  11.898   719.555  -130.310   323.503    51.152    -9.264   -32.871    0.180    2343350.946  0.771     289.55      1.046
  299  11.938   721.596  -130.679   322.184    51.099    -9.254   -33.228    0.180    2349144.675  0.771     289.56      1.046
  300  11.978   723.636  -131.049   320.852    51.045    -9.244   -33.584    0.181    2354997.264  0.771     289.56      1.046
  301  12.018   725.673  -131.418   319.505    50.992    -9.235   -33.940    0.181    2360907.973  0.771     289.57      1.046
  302  12.058   727.708  -131.786   318.144    50.938    -9.225   -34.296    0.181    2366876.070  0.771     289.58      1.046
  303  12.098   729.741  -132.154   316.769    50.884    -9.215   -34.651    0.182    2372900.821  0.771     289.59      1.046
  304  12.137   731.771  -132.522   315.379    50.831    -9.205   -35.005    0.182    2378981.497  0.771     289.60      1.046
  305  12.177   733.800  -132.889   313.976    50.777    -9.196   -35.360    0.183    2385117.372  0.771     289.61      1.047
  306  12.217   735.826  -133.256   312.558    50.723    -9.186   -35.713    0.183    2391307.723  0.771     289.62      1.047
  307  12.257   737.851  -133.623   311.126    50.669    -9.176   -36.066    0.184    2397551.828  0.771     289.63      1.047
  308  12.297   739.873  -133.989   309.681    50.614    -9.166   -36.419    0.184    2403848.973  0.771     289.64      1.047
  309  12.337   741.893  -134.355   308.221    50.560    -9.156   -36.771    0.185    2410198.442  0.771     289.65      1.047
  310  12.377   743.910  -134.720   306.747    50.506    -9.146   -37.123    0.185    2416599.526  0.771     289.66      1.047
  311  12.417   745.926  -135.085   305.259    50.451    -9.137   -37.474    0.185    2423051.519  0.771     289.67      1.047
  312  12.457   747.939  -135.450   303.757    50.397    -9.127   -37.825    0.186    2429553.718  0.771     289.68      1.048
  313  12.497   749.951  -135.814   302.241    50.342    -9.117   -38.175    0.186    2436105.424  0.771     289.69      1.048
  314  12.537   751.960  -136.178   300.711    50.287    -9.107   -38.525    0.187    2442705.943  0.771     289.70      1.048
  315  12.577   753.966  -136.542   299.167    50.233    -9.097   -38.874    0.187    2449354.583  0.771     289.71      1.048
  316  12.617   755.971  -136.905   297.609    50.178    -9.087   -39.222    0.188    2456050.657  0.771     289.72      1.048
  317  12.656   757.974  -137.267   296.037    50.123    -9.077   -39.571    0.188    2462793.482  0.771     289.73      1.048
  318  12.696   759.974  -137.629   294.452    50.068    -9.067   -39.918    0.189    2469582.381  0.771     289.74      1.049
  319  12.736   761.972  -137.991   292.852    50.012    -9.057   -40.265    0.189    2476416.677  0.771     289.75      1.049
  320  12.776   763.968  -138.353   291.239    49.957    -9.047   -40.612    0.190    2483295.701  0.772     289.76      1.049
  321  12.816   765.961  -138.714   289.611    49.902    -9.037   -40.958    0.190    2490218.788  0.772     289.77      1.049
  322  12.856   767.953  -139.074   287.970    49.846    -9.027   -41.304    0.191    2497185.276  0.772     289.78      1.049
  323  12.896   769.942  -139.435   286.315    49.791    -9.017   -41.649    0.191    2504194.507  0.772     289.79      1.049
  324  12.936   771.929  -139.795   284.647    49.735    -9.007   -41.994    0.192    2511245.831  0.772     289.80      1.049
  325  12.976   773.914  -140.154   282.964    49.679    -8.997   -42.338    0.192    2518338.598  0.772     289.81      1.050
  326  13.016   775.896  -140.513   281.268    49.623    -8.987   -42.681    0.193    2525472.165  0.772     289.82      1.050
  327  13.056   777.877  -140.872   279.559    49.567    -8.977   -43.024    0.193    2532645.895  0.772     289.83      1.050
  328  13.096   779.855  -141.230   277.835    49.511    -8.966   -43.367    0.194    2539859.152  0.772     289.84      1.050
  329  13.136   781.831  -141.588   276.098    49.455    -8.956   -43.709    0.194    2547111.309  0.772     289.86      1.050
  330  13.176   783.804  -141.945   274.347    49.399    -8.946   -44.050    0.195    2554401.740  0.772     289.87      1.051
  331  13.215   785.776  -142.302   272.583    49.342    -8.936   -44.391    0.196    2561729.826  0.772     289.88      1.051
  332  13.255   787.745  -142.659   270.805    49.286    -8.926   -44.732    0.196    2569094.952  0.772     289.89      1.051
  333  13.295   789.712  -143.015   269.013    49.229    -8.915   -45.071    0.197    2576496.507  0.772     289.90      1.051
  334  13.335   791.676  -143.371   267.208    49.173    -8.905   -45.411    0.197    2583933.888  0.772     289.91      1.051
  335  13.375   793.639  -143.726   265.389    49.116    -8.895   -45.749    0.198    2591406.493  0.772     289.92      1.051
  336  13.415   795.599  -144.081   263.557    49.059    -8.884   -46.088    0.198    2598913.727  0.772     289.94      1.052
  337  13.455   797.556  -144.436   261.711    49.002    -8.874   -46.425    0.199    2606454.999  0.772     289.95      1.052
  338  13.495   799.512  -144.790   259.852    48.945    -8.864   -46.762    0.199    2614029.724  0.772     289.96      1.052
  339  13.535   801.465  -145.143   257.980    48.888    -8.853   -47.099    0.200    2621637.320  0.773     289.97      1.052
  340  13.575   803.416  -145.497   256.093    48.830    -8.843   -47.435    0.200    2629277.213  0.773     289.99      1.052
  341  13.615   805.365  -145.850   254.194    48.773    -8.833   -47.770    0.201    2636948.831  0.773     290.00      1.053
  342  13.655   807.311  -146.202   252.281    48.715    -8.822   -48.105    0.202    2644651.607  0.773     290.01      1.053
  343  13.695   809.255  -146.554   250.355    48.658    -8.812   -48.439    0.202    2652384.982  0.773     290.02      1.053
  344  13.734   811.197  -146.906   248.415    48.600    -8.801   -48.773    0.203    2660148.398  0.773     290.04      1.053
  345  13.774   813.136  -147.257   246.463    48.542    -8.791   -49.106    0.203    2667941.305  0.773     290.05      1.053
  346  13.814   815.073  -147.608   244.497    48.484    -8.780   -49.439    0.204    2675763.156  0.773     290.06      1.054
  347  13.854   817.008  -147.958   242.517    48.426    -8.770   -49.771    0.204    2683613.410  0.773     290.07      1.054
  348  13.894   818.941  -148.308   240.524    48.368    -8.759   -50.102    0.205    2691491.529  0.773     290.09      1.054
  349  13.934   820.871  -148.658   238.519    48.309    -8.749   -50.433    0.205    2699396.983  0.773     290.10      1.054
  350  13.974   822.798  -149.007   236.500    48.251    -8.738   -50.763    0.206    2707329.245  0.773     290.11      1.054
  351  14.014   824.724  -149.356   234.467    48.193    -8.728   -51.093    0.207    2715287.792  0.773     290.13      1.055
  352  14.054   826.647  -149.704   232.422    48.134    -8.717   -51.422    0.207    2723272.108  0.773     290.14      1.055
  353  14.094   828.568  -150.052   230.363    48.075    -8.706   -51.750    0.208    2731281.680  0.773     290.15      1.055
  354  14.134   830.486  -150.399   228.292    48.016    -8.696   -52.078    0.208    2739316.001  0.773     290.17      1.055
  355  14.174   832.403  -150.746   226.207    47.957    -8.685   -52.405    0.209    2747374.569  0.773     290.18      1.055
  356  14.214   834.316  -151.093   224.109    47.898    -8.674   -52.732    0.209    2755456.885  0.774     290.19      1.056
  357  14.254   836.228  -151.439   221.999    47.839    -8.664   -53.058    0.210    2763562.457  0.774     290.21      1.056
  358  14.293   838.137  -151.785   219.875    47.780    -8.653   -53.383    0.211    2771690.796  0.774     290.22      1.056
  359  14.333   840.043  -152.130   217.738    47.721    -8.642   -53.708    0.211    2779841.419  0.774     290.23      1.056
  360  14.373   841.948  -152.475   215.588    47.661    -8.631   -54.032    0.212    2788013.847  0.774     290.25      1.056
  361  14.413   843.850  -152.819   213.426    47.602    -8.621   -54.356    0.212    2796207.606  0.774     290.26      1.057
  362  14.453   845.749  -153.163   211.250    47.542    -8.610   -54.679    0.213    2804422.226  0.774     290.28      1.057
  363  14.493   847.646  -153.507   209.062    47.482    -8.599   -55.001    0.213    2812657.242  0.774     290.29      1.057
  364  14.533   849.541  -153.850   206.860    47.422    -8.588   -55.323    0.214    2820912.195  0.774     290.31      1.057
  365  14.573   851.433  -154.193   204.646    47.362    -8.577   -55.644    0.215    2829186.629  0.774     290.32      1.058
  366  14.613   853.323  -154.535   202.419    47.302    -8.566   -55.965    0.215    2837480.092  0.774     290.33      1.058
  367  14.653   855.211  -154.877   200.179    47.242    -8.555   -56.285    0.216    2845792.138  0.774     290.35      1.058
  368  14.693   857.096  -155.218   197.927    47.182    -8.544   -56.604    0.216    2854122.326  0.774     290.36      1.058
  369  14.733   858.979  -155.559   195.661    47.121    -8.534   -56.923    0.217    2862470.217  0.774     290.38      1.058
  370  14.773   860.859  -155.900   193.383    47.061    -8.523   -57.241    0.218    2870835.379  0.774     290.39      1.059
  371  14.812   862.737  -156.240   191.093    47.000    -8.512   -57.558    0.218    2879217.384  0.774     290.41      1.059
  372  14.852   864.613  -156.579   188.789    46.939    -8.501   -57.875    0.219    2887615.806  0.774     290.42      1.059
  373  14.892   866.486  -156.919   186.474    46.878    -8.490   -58.191    0.219    2896030.226  0.775     290.44      1.059
  374  14.932   868.356  -157.257   184.145    46.817    -8.479   -58.507    0.220    2904460.228  0.775     290.45      1.060
  375  14.972   870.225  -157.596   181.804    46.756    -8.467   -58.821    0.221    2912905.403  0.775     290.47      1.060
  376  15.012   872.090  -157.934   179.450    46.695    -8.456   -59.136    0.221    2921365.342  0.775     290.48      1.060
  377  15.052   873.954  -158.271   177.084    46.634    -8.445   -59.449    0.222    2929839.643  0.775     290.50      1.060
  378  15.092   875.815  -158.608   174.705    46.572    -8.434   -59.762    0.222    2938327.907  0.775     290.51      1.061
  379  15.132   877.673  -158.945   172.314    46.511    -8.423   -60.074    0.223    2946829.742  0.775     290.53      1.061
  380  15.172   879.529  -159.281   169.910    46.449    -8.412   -60.386    0.224    2955344.755  0.775     290.55      1.061
  381  15.212   881.382  -159.616   167.494    46.388    -8.401   -60.697    0.224    2963872.563  0.775     290.56      1.061
  382  15.252   883.234  -159.952   165.065    46.326    -8.390   -61.007    0.225    2972412.782  0.775     290.58      1.062
  383  15.292   885.082  -160.286   162.624    46.264    -8.378   -61.317    0.225    2980965.036  0.775     290.59      1.062
  384  15.332   886.928  -160.621   160.171    46.202    -8.367   -61.626    0.226    2989528.950  0.775     290.61      1.062
  385  15.371   888.772  -160.955   157.706    46.140    -8.356   -61.934    0.227    2998104.155  0.775     290.62      1.062
  386  15.411   890.613  -161.288   155.228    46.078    -8.345   -62.242    0.227    3006690.285  0.775     290.64      1.063
  387  15.451   892.452  -161.621   152.738    46.015    -8.333   -62.549    0.228    3015286.979  0.775     290.66      1.063
  388  15.491   894.288  -161.953   150.235    45.953    -8.322   -62.855    0.228    3023893.878  0.775     290.67      1.063
  389  15.531   896.121  -162.286   147.720    45.891    -8.311   -63.161    0.229    3032510.630  0.776     290.69      1.063
  390  15.571   897.953  -162.617   145.194    45.828    -8.299   -63.466    0.230    3041136.883  0.776     290.71      1.064
  391  15.611   899.781  -162.948   142.655    45.765    -8.288   -63.770    0.230    3049772.292  0.776     290.72      1.064
  392  15.651   901.607  -163.279   140.104    45.702    -8.277   -64.074    0.231    3058416.514  0.776     290.74      1.064
  393  15.691   903.431  -163.609   137.540    45.640    -8.265   -64.377    0.231    3067069.211  0.776     290.76      1.064
  394  15.731   905.252  -163.939   134.965    45.577    -8.254   -64.679    0.232    3075730.047  0.776     290.77      1.065
  395  15.771   907.071  -164.268   132.378    45.513    -8.242   -64.981    0.233    3084398.691  0.776     290.79      1.065
  396  15.811   908.887  -164.597   129.778    45.450    -8.231   -65.282    0.233    3093074.816  0.776     290.81      1.065
  397  15.851   910.701  -164.926   127.167    45.387    -8.219   -65.582    0.234    3101758.097  0.776     290.82      1.065
  398  15.890   912.512  -165.254   124.543    45.324    -8.208   -65.881    0.234    3110448.215  0.776     290.84      1.066
  399  15.930   914.320  -165.581   121.908    45.260    -8.196   -66.180    0.235    3119144.852  0.776     290.86      1.066
  400  15.970   916.126  -165.908   119.261    45.197    -8.185   -66.478    0.236    3127847.696  0.776     290.87      1.066
  401  16.010   917.930  -166.235   116.602    45.133    -8.173   -66.776    0.236    3136556.436  0.776     290.89      1.066
  402  16.050   919.731  -166.561   113.931    45.069    -8.162   -67.073    0.237    3145270.767  0.776     290.91      1.067
  403  16.090   921.529  -166.887   111.248    45.005    -8.150   -67.369    0.237    3153990.384  0.776     290.93      1.067
  404  16.130   923.325  -167.212   108.553    44.941    -8.139   -67.664    0.238    3162714.990  0.776     290.94      1.067
  405  16.170   925.118  -167.537   105.847    44.877    -8.127   -67.959    0.239    3171444.288  0.776     290.96      1.068
  406  16.210   926.909  -167.861   103.128    44.813    -8.116   -68.253    0.239    3180177.985  0.776     290.98      1.068
  407  16.250   928.697  -168.185   100.398    44.749    -8.104   -68.546    0.240    3188915.792  0.776     291.00      1.068
  408  16.290   930.482  -168.508    97.657    44.684    -8.092   -68.839    0.240    3197657.423  0.777     291.02      1.068
  409  16.330   932.265  -168.831    94.904    44.620    -8.081   -69.131    0.241    3206402.595  0.777     291.03      1.069
  410  16.370   934.046  -169.154    92.139    44.556    -8.069   -69.422    0.242    3215151.029  0.777     291.05      1.069
  411  16.410   935.824  -169.475    89.362    44.491    -8.057   -69.712    0.242    3223902.448  0.777     291.07      1.069
  412  16.449   937.599  -169.797    86.574    44.426    -8.045   -70.002    0.243    3232656.579  0.777     291.09      1.069
  413  16.489   939.372  -170.118    83.774    44.362    -8.034   -70.291    0.243    3241413.152  0.777     291.11      1.070
  414  16.529   941.142  -170.439    80.963    44.297    -8.022   -70.580    0.244    3250171.900  0.777     291.12      1.070
  415  16.569   942.909  -170.759    78.140    44.232    -8.010   -70.867    0.244    3258932.559  0.777     291.14      1.070
  416  16.609   944.674  -171.078    75.306    44.167    -7.998   -71.154    0.245    3267694.869  0.777     291.16      1.071
  417  16.649   946.436  -171.397    72.460    44.102    -7.987   -71.440    0.246    3276458.572  0.777     291.18      1.071
  418  16.689   948.196  -171.716    69.603    44.036    -7.975   -71.726    0.246    3285223.413  0.777     291.20      1.071
  419  16.729   949.953  -172.034    66.735    43.971    -7.963   -72.011    0.247    3293989.141  0.777     291.22      1.072
  420  16.769   951.708  -172.352    63.855    43.906    -7.951   -72.295    0.247    3302755.506  0.777     291.23      1.072
  421  16.809   953.460  -172.669    60.964    43.840    -7.939   -72.578    0.248    3311522.263  0.777     291.25      1.072
  422  16.849   955.209  -172.986    58.061    43.775    -7.927   -72.861    0.249    3320289.169  0.777     291.27      1.072
  423  16.889   956.955  -173.302    55.148    43.709    -7.916   -73.143    0.249    3329055.983  0.777     291.29      1.073
  424  16.929   958.699  -173.618    52.223    43.643    -7.904   -73.424    0.250    3337822.469  0.777     291.31      1.073
  425  16.968   960.441  -173.934    49.287    43.578    -7.892   -73.704    0.250    3346588.392  0.777     291.33      1.073
  426  17.008   962.180  -174.249    46.339    43.512    -7.880   -73.984    0.251    3355353.520  0.777     291.35      1.074
  427  17.048   963.916  -174.563    43.381    43.446    -7.868   -74.263    0.252    3364117.625  0.777     291.37      1.074
  428  17.088   965.649  -174.877    40.411    43.380    -7.856   -74.541    0.252    3372880.480  0.777     291.39      1.074
  429  17.128   967.380  -175.190    37.430    43.314    -7.844   -74.819    0.253    3381641.861  0.777     291.41      1.074
  430  17.168   969.108  -175.503    34.439    43.247    -7.832   -75.096    0.253    3390401.548  0.778     291.43      1.075
  431  17.208   970.834  -175.816    31.436    43.181    -7.820   -75.372    0.254    3399159.322  0.778     291.45      1.075
  432  17.248   972.557  -176.128    28.422    43.115    -7.808   -75.647    0.255    3407914.967  0.778     291.47      1.075
  433  17.288   974.277  -176.439    25.397    43.049    -7.796   -75.922    0.255    3416668.270  0.778     291.48      1.076
  434  17.328   975.995  -176.750    22.361    42.982    -7.784   -76.196    0.256    3425419.019  0.778     291.50      1.076
  435  17.368   977.710  -177.061    19.314    42.915    -7.772   -76.469    0.256    3434167.006  0.778     291.52      1.076
  436  17.408   979.422  -177.371    16.257    42.849    -7.760   -76.741    0.257    3442912.025  0.778     291.54      1.077
  437  17.448   981.132  -177.681    13.188    42.782    -7.748   -77.013    0.257    3451653.872  0.778     291.56      1.077
  438  17.488   982.839  -177.990    10.109    42.715    -7.736   -77.284    0.258    3460392.345  0.778     291.58      1.077
  439  17.527   984.543  -178.298     7.019    42.649    -7.724   -77.554    0.259    3469127.246  0.778     291.60      1.078
  440  17.567   986.245  -178.607     3.918    42.582    -7.711   -77.823    0.259    3477858.377  0.778     291.62      1.078
  441  17.607   987.944  -178.914     0.806    42.515    -7.699   -78.092    0.260    3486585.545  0.778     291.64      1.078
  442  17.618   988.382  -178.994     0.000    42.497    -7.696   -78.161    0.260    3494682.444  0.778     291.65      1.078
###################################################################################################################################
Range= 1004.5 meters, flight time=   17.6 seconds, final location (x,y,z)=(  988.4, -179.0,    0.0)
