Output output/Halemaumau_run002.txt from Eject, Python version, run on 2020-01-07-1130


Block parameters:
                       Block diameter, m:   0.37
                    Block density, kg/m3:   2500
                             Block shape:  sphere
                   Initial velocity, m/s:  451.0
 Ejection angle from horizontal, degrees:   79.4
      Ejection direction, degrees E of N:   86.6
                         Wind speed, m/s:    0.0
             Wind direction, deg. E of N:    0.0
landing point meters below takeoff point:      0
     extent of reduced drag zone, meters:    0.0

Meteorologic conditions:
            Temperature at sea level, Celsius:  25.0
            Thermal lapse rate, deg. C per km:  6.50
Elevation of takeoff point above sea level, m:  1000

TRAJECTORY CALCULATIONS
###################################################################################################################################
    i   t (s)     x (m)     y (m)     z (m)   vx(m/s)  vy (m/s)  vz (m/s)   Mach #     Reynolds #     Cd   Temp (K) rho_air (kg/m3)
    0   0.000     0.000     0.000     0.000    82.957     4.941   443.319    1.313    9868808.789  0.977     291.65      1.078
    1   0.181    14.581     0.868    77.788    77.471     4.614   412.281    1.222    9124040.616  0.955     291.14      1.070
    2   0.362    28.234     1.681   150.317    72.825     4.337   385.828    1.145    8492044.639  0.950     290.67      1.063
    3   0.542    41.093     2.447   218.312    68.769     4.096   362.610    1.077    7940303.942  0.884     290.23      1.056
    4   0.723    53.273     3.173   282.402    65.421     3.896   343.216    1.020    7479577.502  0.817     289.81      1.050
    5   0.904    64.891     3.865   343.221    62.639     3.730   326.881    0.973    7091272.444  0.793     289.42      1.044
    6   1.085    76.030     4.528   401.221    60.181     3.584   312.311    0.930    6745961.377  0.720     289.04      1.038
    7   1.266    86.757     5.167   456.756    58.136     3.462   299.953    0.894    6452348.015  0.653     288.68      1.032
    8   1.447    97.139     5.785   510.189    56.417     3.360   289.333    0.863    6199345.608  0.616     288.33      1.027
    9   1.627   107.226     6.386   561.786    54.905     3.270   279.824    0.835    5972816.240  0.619     288.00      1.022
   10   1.808   117.046     6.971   611.701    53.479     3.185   270.804    0.809    5759128.791  0.644     287.67      1.017
   11   1.989   126.610     7.540   660.002    52.087     3.102   262.000    0.783    5552248.368  0.680     287.36      1.012
   12   2.170   135.924     8.095   706.720    50.710     3.020   253.321    0.758    5350081.632  0.687     287.06      1.008
   13   2.351   144.995     8.635   751.899    49.404     2.942   245.045    0.734    5158391.588  0.643     286.76      1.003
   14   2.532   153.841     9.162   795.644    48.255     2.874   237.590    0.712    4985744.028  0.448     286.48      0.999
   15   2.712   162.509     9.678   838.190    47.495     2.829   232.088    0.696    4855467.794  0.299     286.20      0.995
   16   2.893   171.061    10.188   879.844    47.006     2.799   227.934    0.684    4754434.004  0.246     285.93      0.991
   17   3.074   179.531    10.692   920.784    46.617     2.776   224.279    0.674    4664625.801  0.223     285.66      0.987
   18   3.255   187.935    11.193   961.080    46.273     2.756   220.857    0.664    4580402.976  0.207     285.40      0.983
   19   3.436   196.279    11.689  1000.771    45.962     2.737   217.603    0.655    4500339.583  0.194     285.14      0.980
   20   3.616   204.568    12.183  1039.884    45.677     2.720   214.488    0.646    4423783.403  0.185     284.89      0.976
   21   3.797   212.807    12.674  1078.441    45.412     2.705   211.478    0.637    4350001.661  0.178     284.64      0.972
   22   3.978   221.000    13.162  1116.461    45.163     2.690   208.548    0.629    4278452.872  0.174     284.39      0.969
   23   4.159   229.149    13.647  1153.955    44.926     2.676   205.682    0.621    4208774.917  0.170     284.15      0.965
   24   4.340   237.255    14.130  1190.935    44.698     2.662   202.870    0.613    4140737.790  0.168     283.91      0.962
   25   4.521   245.321    14.610  1227.410    44.479     2.649   200.107    0.605    4074212.077  0.165     283.67      0.958
   26   4.701   253.348    15.088  1263.390    44.268     2.636   197.391    0.597    4009137.659  0.162     283.44      0.955
   27   4.882   261.338    15.564  1298.881    44.066     2.624   194.719    0.590    3945464.903  0.159     283.21      0.952
   28   5.063   269.291    16.038  1333.893    43.871     2.613   192.091    0.582    3883139.129  0.156     282.98      0.948
   29   5.244   277.210    16.509  1368.432    43.685     2.602   189.504    0.575    3822102.190  0.153     282.76      0.945
   30   5.425   285.096    16.979  1402.507    43.505     2.591   186.955    0.568    3762293.771  0.150     282.53      0.942
   31   5.606   292.949    17.447  1436.124    43.332     2.581   184.444    0.561    3703652.429  0.147     282.32      0.939
   32   5.786   300.772    17.913  1469.289    43.166     2.571   181.966    0.554    3646116.428  0.145     282.10      0.936
   33   5.967   308.566    18.377  1502.008    43.006     2.561   179.521    0.547    3589625.470  0.143     281.89      0.933
   34   6.148   316.331    18.839  1534.288    42.851     2.552   177.104    0.540    3534124.483  0.141     281.68      0.930
   35   6.329   324.068    19.300  1566.132    42.701     2.543   174.716    0.533    3479563.770  0.139     281.47      0.927
   36   6.510   331.778    19.759  1597.547    42.557     2.534   172.354    0.526    3425898.374  0.137     281.27      0.924
   37   6.690   339.463    20.217  1628.536    42.417     2.526   170.016    0.520    3373087.530  0.135     281.06      0.921
   38   6.871   347.123    20.673  1659.105    42.281     2.518   167.701    0.513    3321094.192  0.134     280.87      0.919
   39   7.052   354.758    21.128  1689.256    42.149     2.510   165.408    0.507    3269884.616  0.132     280.67      0.916
   40   7.233   362.370    21.581  1718.995    42.021     2.503   163.136    0.500    3219428.002  0.131     280.48      0.913
   41   7.414   369.959    22.033  1748.324    41.897     2.495   160.884    0.494    3169696.169  0.165     280.29      0.910
   42   7.595   377.523    22.484  1777.238    41.744     2.486   158.526    0.487    3118232.833  0.164     280.10      0.908
   43   7.775   385.061    22.932  1805.727    41.594     2.477   156.188    0.480    3067493.493  0.164     279.91      0.905
   44   7.956   392.571    23.380  1833.794    41.448     2.468   153.870    0.474    3017459.068  0.163     279.73      0.903
   45   8.137   400.055    23.825  1861.444    41.306     2.460   151.570    0.467    2968111.156  0.163     279.55      0.900
   46   8.318   407.513    24.270  1888.680    41.166     2.452   149.288    0.461    2919432.003  0.163     279.37      0.898
   47   8.499   414.947    24.712  1915.504    41.030     2.444   147.023    0.454    2871404.481  0.162     279.20      0.896
   48   8.680   422.356    25.154  1941.920    40.897     2.436   144.776    0.448    2824012.065  0.162     279.03      0.893
   49   8.860   429.741    25.593  1967.930    40.767     2.428   142.545    0.441    2777238.813  0.161     278.86      0.891
   50   9.041   437.103    26.032  1993.539    40.639     2.420   140.330    0.435    2731069.344  0.161     278.69      0.889
   51   9.222   444.442    26.469  2018.748    40.515     2.413   138.131    0.429    2685488.822  0.160     278.53      0.886
   52   9.403   451.759    26.905  2043.561    40.394     2.406   135.947    0.423    2640482.937  0.160     278.37      0.884
   53   9.584   459.055    27.339  2067.980    40.276     2.399   133.778    0.416    2596037.889  0.159     278.21      0.882
   54   9.764   466.329    27.772  2092.008    40.160     2.392   131.623    0.410    2552140.375  0.159     278.05      0.880
   55   9.945   473.582    28.204  2115.647    40.047     2.385   129.482    0.404    2508777.574  0.158     277.90      0.878
   56  10.126   480.815    28.635  2138.900    39.937     2.378   127.355    0.398    2465937.131  0.158     277.75      0.876
   57  10.307   488.029    29.065  2161.770    39.829     2.372   125.241    0.392    2423607.153  0.157     277.60      0.874
   58  10.488   495.223    29.493  2184.258    39.724     2.366   123.140    0.386    2381776.193  0.156     277.45      0.872
   59  10.669   502.398    29.920  2206.367    39.621     2.360   121.051    0.380    2340433.239  0.156     277.31      0.870
   60  10.849   509.555    30.347  2228.099    39.521     2.354   118.974    0.374    2299567.711  0.155     277.17      0.868
   61  11.030   516.694    30.772  2249.457    39.423     2.348   116.909    0.369    2259169.452  0.155     277.03      0.866
   62  11.211   523.815    31.196  2270.442    39.328     2.342   114.855    0.363    2219228.719  0.154     276.89      0.864
   63  11.392   530.920    31.619  2291.057    39.235     2.337   112.813    0.357    2179736.180  0.153     276.76      0.863
   64  11.573   538.007    32.041  2311.303    39.144     2.331   110.781    0.351    2140682.911  0.153     276.63      0.861
   65  11.754   545.079    32.462  2331.182    39.056     2.326   108.760    0.346    2102060.391  0.152     276.50      0.859
   66  11.934   552.135    32.883  2350.697    38.969     2.321   106.749    0.340    2063860.502  0.151     276.37      0.858
   67  12.115   559.175    33.302  2369.849    38.885     2.316   104.747    0.334    2026075.526  0.151     276.25      0.856
   68  12.296   566.200    33.720  2388.640    38.804     2.311   102.755    0.329    1988698.150  0.150     276.12      0.854
   69  12.477   573.211    34.138  2407.071    38.724     2.306   100.773    0.323    1951721.465  0.149     276.00      0.853
   70  12.658   580.207    34.554  2425.144    38.646     2.302    98.799    0.318    1915138.968  0.148     275.89      0.851
   71  12.839   587.189    34.970  2442.862    38.570     2.297    96.835    0.312    1878944.572  0.147     275.77      0.850
   72  13.019   594.158    35.385  2460.224    38.497     2.293    94.878    0.307    1843132.607  0.147     275.66      0.848
   73  13.200   601.114    35.800  2477.234    38.425     2.288    92.930    0.301    1807697.833  0.146     275.55      0.847
   74  13.381   608.057    36.213  2493.891    38.355     2.284    90.990    0.296    1772635.446  0.145     275.44      0.845
   75  13.562   614.987    36.626  2510.199    38.287     2.280    89.058    0.291    1737941.092  0.144     275.33      0.844
   76  13.743   621.905    37.038  2526.158    38.221     2.276    87.133    0.285    1703610.880  0.143     275.23      0.843
   77  13.923   628.812    37.449  2541.769    38.157     2.272    85.215    0.280    1669641.399  0.142     275.13      0.841
   78  14.104   635.707    37.860  2557.034    38.095     2.269    83.305    0.275    1636029.734  0.141     275.03      0.840
   79  14.285   642.591    38.270  2571.954    38.034     2.265    81.401    0.269    1602773.490  0.140     274.93      0.839
   80  14.466   649.464    38.679  2586.530    37.976     2.262    79.504    0.264    1569870.816  0.139     274.84      0.837
   81  14.647   656.327    39.088  2600.764    37.919     2.258    77.613    0.259    1537320.426  0.138     274.75      0.836
   82  14.828   663.179    39.496  2614.656    37.863     2.255    75.728    0.254    1505121.638  0.137     274.65      0.835
   83  15.008   670.022    39.903  2628.208    37.810     2.252    73.849    0.249    1473274.399  0.136     274.57      0.834
   84  15.189   676.855    40.310  2641.421    37.758     2.249    71.976    0.244    1441779.330  0.135     274.48      0.833
   85  15.370   683.678    40.717  2654.295    37.708     2.246    70.109    0.239    1410637.762  0.133     274.40      0.832
   86  15.551   690.493    41.123  2666.832    37.659     2.243    68.247    0.234    1379851.787  0.132     274.32      0.831
   87  15.732   697.299    41.528  2679.033    37.612     2.240    66.390    0.229    1349424.304  0.131     274.24      0.830
   88  15.913   704.097    41.933  2690.898    37.566     2.237    64.538    0.224    1319359.082  0.129     274.16      0.829
   89  16.093   710.886    42.337  2702.429    37.522     2.235    62.690    0.219    1289660.819  0.128     274.08      0.828
   90  16.274   717.668    42.741  2713.626    37.480     2.232    60.847    0.215    1260335.210  0.127     274.01      0.827
   91  16.455   724.442    43.144  2724.490    37.439     2.230    59.009    0.210    1231389.026  0.125     273.94      0.826
   92  16.636   731.209    43.547  2735.022    37.400     2.227    57.175    0.205    1202830.193  0.123     273.87      0.825
   93  16.817   737.969    43.950  2745.222    37.362     2.225    55.345    0.201    1174667.885  0.122     273.81      0.824
   94  16.997   744.722    44.352  2755.092    37.325     2.223    53.519    0.196    1146912.621  0.120     273.74      0.823
   95  17.178   751.469    44.754  2764.633    37.290     2.221    51.696    0.192    1119576.372  0.119     273.68      0.823
   96  17.359   758.209    45.155  2773.843    37.256     2.219    49.877    0.187    1092672.674  0.117     273.62      0.822
   97  17.540   764.943    45.556  2782.726    37.223     2.217    48.062    0.183    1066216.751  0.115     273.56      0.821
   98  17.721   771.672    45.957  2791.280    37.192     2.215    46.249    0.179    1040225.645  0.113     273.51      0.820
   99  17.902   778.395    46.358  2799.506    37.162     2.213    44.440    0.174    1014718.354  0.111     273.45      0.820
  100  18.082   785.113    46.758  2807.406    37.134     2.212    42.634    0.170     989715.973  0.110     273.40      0.819
  101  18.263   791.825    47.157  2814.979    37.106     2.210    40.830    0.166     965239.313  0.108     273.35      0.818
  102  18.444   798.533    47.557  2822.226    37.080     2.208    39.028    0.162     941310.712  0.107     273.31      0.818
  103  18.625   805.236    47.956  2829.148    37.054     2.207    37.229    0.158     917958.727  0.106     273.26      0.817
  104  18.806   811.934    48.355  2835.745    37.029     2.205    35.432    0.154     895214.591  0.105     273.22      0.817
  105  18.987   818.628    48.754  2842.016    37.005     2.204    33.637    0.151     873112.346  0.104     273.18      0.816
  106  19.167   825.318    49.152  2847.964    36.982     2.202    31.844    0.147     851688.942  0.103     273.14      0.816
  107  19.348   832.003    49.550  2853.587    36.960     2.201    30.053    0.143     830984.305  0.102     273.10      0.815
  108  19.529   838.685    49.948  2858.886    36.939     2.200    28.263    0.140     811041.368  0.101     273.07      0.815
  109  19.710   845.363    50.346  2863.862    36.918     2.199    26.475    0.137     791906.035  0.100     273.03      0.814
  110  19.891   852.037    50.743  2868.515    36.898     2.197    24.688    0.134     773627.081  0.099     273.00      0.814
  111  20.071   858.708    51.141  2872.845    36.879     2.196    22.903    0.131     756255.949  0.098     272.98      0.814
  112  20.252   865.375    51.538  2876.852    36.860     2.195    21.119    0.128     739846.447  0.097     272.95      0.813
  113  20.433   872.039    51.935  2880.536    36.842     2.194    19.337    0.125     724454.310  0.096     272.93      0.813
  114  20.614   878.700    52.331  2883.899    36.825     2.193    17.555    0.123     710136.626  0.095     272.90      0.813
  115  20.795   885.357    52.728  2886.939    36.808     2.192    15.775    0.121     696951.097  0.094     272.88      0.812
  116  20.976   892.012    53.124  2889.657    36.791     2.191    13.995    0.119     684955.154  0.094     272.87      0.812
  117  21.156   898.663    53.520  2892.054    36.775     2.190    12.217    0.117     674204.915  0.093     272.85      0.812
  118  21.337   905.312    53.916  2894.129    36.759     2.189    10.439    0.115     664754.012  0.092     272.84      0.812
  119  21.518   911.957    54.312  2895.883    36.744     2.188     8.662    0.114     656652.320  0.092     272.83      0.812
  120  21.699   918.601    54.708  2897.315    36.729     2.187     6.886    0.113     649944.648  0.091     272.82      0.812
  121  21.880   925.241    55.103  2898.427    36.714     2.186     5.111    0.112     644669.435  0.091     272.81      0.811
  122  22.061   931.878    55.498  2899.217    36.699     2.186     3.337    0.111     640857.542  0.091     272.81      0.811
  123  22.241   938.513    55.893  2899.687    36.684     2.185     1.563    0.111     638531.218  0.091     272.80      0.811
  124  22.422   945.146    56.288  2899.836    36.670     2.184    -0.210    0.111     637703.295  0.090     272.80      0.811
  125  22.603   951.775    56.683  2899.664    36.655     2.183    -1.983    0.111     638376.688  0.091     272.80      0.811
  126  22.784   958.402    57.078  2899.172    36.640     2.182    -3.754    0.111     640544.239  0.091     272.81      0.811
  127  22.965   965.027    57.472  2898.360    36.626     2.181    -5.525    0.112     644188.902  0.091     272.81      0.811
  128  23.145   971.648    57.867  2897.227    36.611     2.180    -7.295    0.113     649284.274  0.091     272.82      0.812
  129  23.326   978.267    58.261  2895.775    36.596     2.179    -9.065    0.114     655795.411  0.092     272.83      0.812
  130  23.507   984.884    58.655  2894.003    36.581     2.179   -10.833    0.115     663679.885  0.092     272.84      0.812
  131  23.688   991.497    59.049  2891.910    36.565     2.178   -12.601    0.117     672888.998  0.093     272.85      0.812
  132  23.869   998.108    59.443  2889.499    36.549     2.177   -14.368    0.118     683369.080  0.093     272.87      0.812
  133  24.050  1004.715    59.836  2886.768    36.533     2.176   -16.134    0.120     695062.796  0.094     272.89      0.812
  134  24.230  1011.320    60.229  2883.717    36.516     2.175   -17.899    0.123     707910.404  0.095     272.91      0.813
  135  24.411  1017.922    60.623  2880.348    36.499     2.174   -19.663    0.125     721850.903  0.096     272.93      0.813
  136  24.592  1024.521    61.016  2876.659    36.482     2.173   -21.426    0.127     736823.065  0.097     272.95      0.813
  137  24.773  1031.116    61.408  2872.652    36.464     2.172   -23.188    0.130     752766.293  0.098     272.98      0.814
  138  24.954  1037.708    61.801  2868.327    36.445     2.170   -24.948    0.133     769621.339  0.099     273.01      0.814
  139  25.135  1044.297    62.193  2863.683    36.426     2.169   -26.707    0.136     787330.864  0.100     273.04      0.814
  140  25.315  1050.882    62.586  2858.721    36.406     2.168   -28.465    0.139     805839.847  0.101     273.07      0.815
  141  25.496  1057.464    62.978  2853.442    36.385     2.167   -30.221    0.142     825095.886  0.102     273.10      0.815
  142  25.677  1064.041    63.369  2847.845    36.364     2.166   -31.976    0.146     845049.373  0.103     273.14      0.816
  143  25.858  1070.615    63.761  2841.931    36.342     2.164   -33.729    0.149     865653.592  0.104     273.18      0.816
  144  26.039  1077.185    64.152  2835.700    36.319     2.163   -35.480    0.153     886864.737  0.105     273.22      0.817
  145  26.219  1083.751    64.543  2829.153    36.296     2.162   -37.229    0.156     908641.880  0.106     273.26      0.817
  146  26.400  1090.312    64.934  2822.289    36.272     2.160   -38.976    0.160     930946.891  0.107     273.31      0.818
  147  26.581  1096.869    65.324  2815.110    36.246     2.159   -40.721    0.164     953744.334  0.108     273.35      0.818
  148  26.762  1103.421    65.715  2807.615    36.220     2.157   -42.464    0.168     977001.331  0.109     273.40      0.819
  149  26.943  1109.969    66.104  2799.805    36.193     2.156   -44.205    0.172    1000687.427  0.110     273.45      0.820
  150  27.124  1116.511    66.494  2791.681    36.166     2.154   -45.943    0.176    1024774.260  0.112     273.50      0.820
  151  27.304  1123.049    66.883  2783.242    36.137     2.152   -47.679    0.180    1049229.678  0.114     273.56      0.821
  152  27.485  1129.581    67.272  2774.490    36.107     2.150   -49.411    0.184    1074029.383  0.116     273.62      0.822
  153  27.666  1136.107    67.661  2765.425    36.075     2.148   -51.140    0.188    1099150.918  0.117     273.67      0.822
  154  27.847  1142.628    68.050  2756.048    36.043     2.147   -52.866    0.192    1124573.522  0.119     273.74      0.823
  155  28.028  1149.143    68.438  2746.359    36.009     2.145   -54.589    0.197    1150278.003  0.120     273.80      0.824
  156  28.209  1155.652    68.825  2736.358    35.975     2.142   -56.308    0.201    1176246.610  0.122     273.86      0.825
  157  28.389  1162.154    69.212  2726.047    35.939     2.140   -58.024    0.205    1202462.916  0.123     273.93      0.826
  158  28.570  1168.650    69.599  2715.426    35.901     2.138   -59.736    0.209    1228911.713  0.125     274.00      0.827
  159  28.751  1175.139    69.986  2704.495    35.863     2.136   -61.444    0.214    1255578.907  0.126     274.07      0.828
  160  28.932  1181.621    70.372  2693.257    35.823     2.133   -63.148    0.218    1282451.430  0.128     274.14      0.829
  161  29.113  1188.095    70.757  2681.710    35.782     2.131   -64.847    0.222    1309517.147  0.129     274.22      0.829
  162  29.293  1194.563    71.143  2669.856    35.740     2.129   -66.543    0.227    1336764.787  0.130     274.30      0.830
  163  29.474  1201.022    71.527  2657.696    35.697     2.126   -68.234    0.231    1364183.862  0.131     274.37      0.831
  164  29.655  1207.474    71.911  2645.231    35.652     2.123   -69.920    0.236    1391764.608  0.133     274.46      0.833
  165  29.836  1213.917    72.295  2632.461    35.606     2.121   -71.602    0.240    1419497.918  0.134     274.54      0.834
  166  30.017  1220.352    72.678  2619.387    35.559     2.118   -73.279    0.244    1447375.293  0.135     274.62      0.835
  167  30.198  1226.778    73.061  2606.010    35.511     2.115   -74.951    0.249    1475388.787  0.136     274.71      0.836
  168  30.378  1233.196    73.443  2592.332    35.461     2.112   -76.618    0.253    1503530.962  0.137     274.80      0.837
  169  30.559  1239.604    73.825  2578.352    35.410     2.109   -78.279    0.258    1531794.849  0.138     274.89      0.838
  170  30.740  1246.003    74.206  2564.073    35.358     2.106   -79.936    0.262    1560173.902  0.139     274.98      0.839
  171  30.921  1252.393    74.587  2549.494    35.305     2.103   -81.586    0.267    1588661.971  0.140     275.08      0.841
  172  31.102  1258.773    74.967  2534.617    35.250     2.099   -83.231    0.271    1617253.265  0.141     275.17      0.842
  173  31.283  1265.142    75.346  2519.444    35.194     2.096   -84.871    0.275    1645942.323  0.141     275.27      0.843
  174  31.463  1271.502    75.725  2503.974    35.137     2.093   -86.504    0.280    1674723.990  0.142     275.37      0.844
  175  31.644  1277.851    76.103  2488.209    35.078     2.089   -88.132    0.284    1703593.387  0.143     275.48      0.846
  176  31.825  1284.190    76.480  2472.150    35.019     2.086   -89.753    0.289    1732545.893  0.144     275.58      0.847
  177  32.006  1290.517    76.857  2455.799    34.958     2.082   -91.368    0.293    1761577.124  0.145     275.69      0.849
  178  32.187  1296.834    77.233  2439.156    34.895     2.078   -92.977    0.297    1790682.911  0.145     275.80      0.850
  179  32.367  1303.139    77.609  2422.223    34.832     2.074   -94.579    0.302    1819859.287  0.146     275.91      0.851
  180  32.548  1309.432    77.984  2405.001    34.767     2.071   -96.175    0.306    1849102.466  0.147     276.02      0.853
  181  32.729  1315.714    78.358  2387.490    34.701     2.067   -97.763    0.310    1878408.833  0.147     276.13      0.854
  182  32.910  1321.984    78.731  2369.693    34.634     2.063   -99.345    0.315    1907774.927  0.148     276.25      0.856
  183  33.091  1328.241    79.104  2351.611    34.565     2.059  -100.920    0.319    1937197.431  0.149     276.36      0.857
  184  33.272  1334.486    79.476  2333.244    34.496     2.054  -102.488    0.323    1966673.160  0.149     276.48      0.859
  185  33.452  1340.719    79.847  2314.594    34.425     2.050  -104.048    0.328    1996199.051  0.150     276.61      0.861
  186  33.633  1346.938    80.217  2295.662    34.353     2.046  -105.601    0.332    2025772.151  0.151     276.73      0.862
  187  33.814  1353.144    80.587  2276.451    34.279     2.042  -107.147    0.336    2055389.611  0.151     276.85      0.864
  188  33.995  1359.337    80.956  2256.960    34.205     2.037  -108.685    0.340    2085048.676  0.152     276.98      0.866
  189  34.176  1365.517    81.324  2237.192    34.129     2.033  -110.215    0.345    2114746.679  0.152     277.11      0.867
  190  34.357  1371.682    81.691  2217.148    34.052     2.028  -111.737    0.349    2144481.032  0.153     277.24      0.869
  191  34.537  1377.834    82.057  2196.829    33.974     2.023  -113.252    0.353    2174249.222  0.153     277.37      0.871
  192  34.718  1383.971    82.423  2176.237    33.894     2.019  -114.758    0.357    2204048.803  0.154     277.50      0.873
  193  34.899  1390.094    82.787  2155.373    33.814     2.014  -116.256    0.361    2233877.392  0.154     277.64      0.874
  194  35.080  1396.202    83.151  2134.238    33.732     2.009  -117.746    0.365    2263732.661  0.155     277.78      0.876
  195  35.261  1402.295    83.514  2112.835    33.649     2.004  -119.227    0.369    2293612.338  0.155     277.92      0.878
  196  35.441  1408.374    83.876  2091.165    33.565     1.999  -120.700    0.374    2323514.196  0.156     278.06      0.880
  197  35.622  1414.437    84.237  2069.229    33.480     1.994  -122.165    0.378    2353436.053  0.156     278.20      0.882
  198  35.803  1420.484    84.597  2047.029    33.394     1.989  -123.620    0.382    2383375.770  0.156     278.34      0.884
  199  35.984  1426.516    84.957  2024.567    33.306     1.984  -125.067    0.386    2413331.242  0.157     278.49      0.886
  200  36.165  1432.532    85.315  2001.843    33.217     1.978  -126.505    0.390    2443300.398  0.157     278.64      0.888
  201  36.346  1438.531    85.672  1978.861    33.128     1.973  -127.933    0.394    2473281.201  0.158     278.79      0.890
  202  36.526  1444.515    86.028  1955.620    33.037     1.968  -129.353    0.397    2503271.638  0.158     278.94      0.892
  203  36.707  1450.482    86.384  1932.124    32.945     1.962  -130.763    0.401    2533269.725  0.158     279.09      0.894
  204  36.888  1456.432    86.738  1908.373    32.852     1.956  -132.164    0.405    2563273.501  0.159     279.25      0.896
  205  37.069  1462.365    87.092  1884.369    32.757     1.951  -133.556    0.409    2593281.025  0.159     279.40      0.898
  206  37.250  1468.281    87.444  1860.115    32.662     1.945  -134.938    0.413    2623290.375  0.160     279.56      0.900
  207  37.431  1474.180    87.795  1835.612    32.566     1.939  -136.311    0.417    2653299.650  0.160     279.72      0.903
  208  37.611  1480.062    88.145  1810.861    32.468     1.934  -137.673    0.420    2683306.961  0.160     279.88      0.905
  209  37.792  1485.925    88.495  1785.864    32.370     1.928  -139.026    0.424    2713310.435  0.161     280.04      0.907
  210  37.973  1491.771    88.843  1760.623    32.270     1.922  -140.369    0.428    2743308.213  0.161     280.21      0.909
  211  38.154  1497.599    89.190  1735.141    32.170     1.916  -141.703    0.431    2773298.446  0.161     280.37      0.912
  212  38.335  1503.408    89.536  1709.418    32.068     1.910  -143.026    0.435    2803279.297  0.161     280.54      0.914
  213  38.516  1509.199    89.881  1683.456    31.966     1.904  -144.338    0.439    2833248.936  0.162     280.71      0.916
  214  38.696  1514.972    90.225  1657.258    31.862     1.898  -145.641    0.442    2863205.546  0.162     280.88      0.919
  215  38.877  1520.725    90.567  1630.825    31.758     1.891  -146.934    0.446    2893147.313  0.162     281.05      0.921
  216  39.058  1526.460    90.909  1604.160    31.652     1.885  -148.215    0.449    2923072.432  0.163     281.22      0.923
  217  39.239  1532.175    91.249  1577.263    31.546     1.879  -149.487    0.453    2952979.106  0.163     281.40      0.926
  218  39.420  1537.871    91.588  1550.137    31.438     1.872  -150.748    0.456    2982865.539  0.163     281.57      0.928
  219  39.600  1543.548    91.926  1522.784    31.330     1.866  -151.998    0.460    3012729.945  0.163     281.75      0.931
  220  39.781  1549.205    92.263  1495.205    31.221     1.859  -153.238    0.463    3042570.538  0.164     281.93      0.933
  221  39.962  1554.842    92.599  1467.404    31.110     1.853  -154.467    0.466    3072385.540  0.164     282.11      0.936
  222  40.143  1560.459    92.934  1439.380    30.999     1.846  -155.685    0.470    3102173.174  0.164     282.29      0.939
  223  40.324  1566.056    93.267  1411.138    30.887     1.839  -156.892    0.473    3131931.668  0.164     282.48      0.941
  224  40.505  1571.633    93.599  1382.678    30.774     1.833  -158.089    0.476    3161659.253  0.165     282.66      0.944
  225  40.685  1577.189    93.930  1354.002    30.660     1.826  -159.274    0.479    3191354.162  0.165     282.85      0.946
  226  40.866  1582.725    94.260  1325.113    30.546     1.819  -160.448    0.483    3221014.631  0.165     283.04      0.949
  227  41.047  1588.239    94.588  1296.013    30.430     1.812  -161.611    0.486    3250638.900  0.165     283.23      0.952
  228  41.228  1593.733    94.915  1266.703    30.314     1.805  -162.763    0.489    3280225.211  0.166     283.42      0.955
  229  41.409  1599.206    95.241  1237.185    30.197     1.798  -163.904    0.492    3309771.808  0.166     283.61      0.957
  230  41.590  1604.657    95.566  1207.462    30.079     1.791  -165.033    0.495    3339276.938  0.166     283.80      0.960
  231  41.770  1610.087    95.889  1177.536    29.960     1.784  -166.151    0.498    3368738.852  0.166     284.00      0.963
  232  41.951  1615.496    96.211  1147.408    29.841     1.777  -167.258    0.501    3398155.802  0.131     284.19      0.966
  233  42.132  1620.884    96.532  1117.071    29.746     1.772  -168.496    0.504    3430434.709  0.132     284.39      0.969
  234  42.313  1626.256    96.852  1086.510    29.649     1.766  -169.721    0.508    3462670.043  0.133     284.59      0.971
  235  42.494  1631.610    97.171  1055.729    29.552     1.760  -170.934    0.511    3494857.624  0.133     284.79      0.974
  236  42.674  1636.946    97.489  1024.730    29.454     1.754  -172.135    0.514    3526993.131  0.134     284.99      0.977
  237  42.855  1642.265    97.806   993.514    29.354     1.748  -173.323    0.517    3559072.109  0.135     285.19      0.980
  238  43.036  1647.565    98.121   962.085    29.253     1.742  -174.498    0.521    3591089.975  0.136     285.40      0.983
  239  43.217  1652.847    98.436   930.443    29.151     1.736  -175.660    0.524    3623042.019  0.136     285.60      0.986
  240  43.398  1658.110    98.749   898.593    29.048     1.730  -176.808    0.527    3654923.419  0.137     285.81      0.989
  241  43.579  1663.355    99.062   866.537    28.944     1.724  -177.943    0.530    3686729.246  0.138     286.02      0.992
  242  43.759  1668.581    99.373   834.276    28.838     1.717  -179.065    0.533    3718454.469  0.139     286.23      0.996
  243  43.940  1673.788    99.683   801.813    28.732     1.711  -180.172    0.536    3750093.969  0.140     286.44      0.999
  244  44.121  1678.975    99.992   769.151    28.624     1.705  -181.266    0.539    3781642.551  0.140     286.65      1.002
  245  44.302  1684.143   100.300   736.292    28.515     1.698  -182.345    0.542    3813094.948  0.141     286.86      1.005
  246  44.483  1689.290   100.606   703.240    28.405     1.692  -183.410    0.545    3844445.839  0.142     287.08      1.008
  247  44.664  1694.418   100.912   669.996    28.293     1.685  -184.460    0.547    3875689.858  0.143     287.30      1.011
  248  44.844  1699.526   101.216   636.563    28.181     1.678  -185.495    0.550    3906821.608  0.144     287.51      1.015
  249  45.025  1704.613   101.519   602.944    28.067     1.672  -186.516    0.553    3937835.675  0.145     287.73      1.018
  250  45.206  1709.679   101.820   569.142    27.952     1.665  -187.521    0.555    3968726.638  0.145     287.95      1.021
  251  45.387  1714.725   102.121   535.159    27.836     1.658  -188.511    0.558    3999489.088  0.146     288.17      1.025
  252  45.568  1719.749   102.420   500.998    27.718     1.651  -189.485    0.561    4030117.641  0.147     288.39      1.028
  253  45.748  1724.753   102.718   466.662    27.600     1.644  -190.444    0.563    4060606.950  0.148     288.62      1.031
  254  45.929  1729.734   103.015   432.154    27.480     1.637  -191.388    0.566    4090951.755  0.149     288.84      1.035
  255  46.110  1734.694   103.310   397.477    27.359     1.629  -192.315    0.568    4121147.101  0.150     289.07      1.038
  256  46.291  1739.632   103.604   362.633    27.237     1.622  -193.226    0.570    4151188.420  0.151     289.29      1.042
  257  46.472  1744.548   103.897   327.625    27.114     1.615  -194.121    0.573    4181071.520  0.152     289.52      1.045
  258  46.653  1749.441   104.188   292.457    26.989     1.607  -195.001    0.575    4210792.579  0.153     289.75      1.049
  259  46.833  1754.312   104.479   257.132    26.864     1.600  -195.864    0.577    4240348.133  0.153     289.98      1.052
  260  47.014  1759.160   104.767   221.651    26.738     1.592  -196.710    0.579    4269735.063  0.154     290.21      1.056
  261  47.195  1763.986   105.055   186.018    26.610     1.585  -197.541    0.581    4298950.585  0.155     290.44      1.059
  262  47.376  1768.788   105.341   150.237    26.481     1.577  -198.355    0.584    4327992.236  0.156     290.67      1.063
  263  47.557  1773.566   105.625   114.309    26.352     1.569  -199.153    0.586    4356857.858  0.157     290.91      1.067
  264  47.738  1778.322   105.908    78.238    26.221     1.562  -199.935    0.588    4385545.586  0.158     291.14      1.070
  265  47.918  1783.053   106.190    42.028    26.090     1.554  -200.701    0.589    4414053.830  0.158     291.38      1.074
  266  48.099  1787.761   106.471     5.679    25.957     1.546  -201.451    0.591    4442381.265  0.159     291.61      1.078
  267  48.127  1788.490   106.514     0.000    25.936     1.545  -201.566    0.593    4459890.503  0.159     291.65      1.078
###################################################################################################################################
Range= 1791.7 meters, flight time=   48.1 seconds, final location (x,y,z)=( 1788.5,  106.5,    0.0)
