Output output/Halemaumau_run000.txt from Eject, Python version, run on 2020-01-07-1130


Block parameters:
                       Block diameter, m:   1.47
                    Block density, kg/m3:   2500
                             Block shape:  locube
                   Initial velocity, m/s:  281.4
 Ejection angle from horizontal, degrees:   89.3
      Ejection direction, degrees E of N:  153.7
                         Wind speed, m/s:    0.0
             Wind direction, deg. E of N:    0.0
landing point meters below takeoff point:      0
     extent of reduced drag zone, meters:    0.0

Meteorologic conditions:
            Temperature at sea level, Celsius:  25.0
            Thermal lapse rate, deg. C per km:  6.50
Elevation of takeoff point above sea level, m:  1000

TRAJECTORY CALCULATIONS
###################################################################################################################################
    i   t (s)     x (m)     y (m)     z (m)   vx(m/s)  vy (m/s)  vz (m/s)   Mach #     Reynolds #     Cd   Temp (K) rho_air (kg/m3)
    0   0.000     0.000     0.000     0.000     1.511    -3.057   281.410    0.819   24666251.457  0.931     291.65      1.078
    1   0.115     0.173    -0.350    32.146     1.500    -3.034   278.161    0.810   24320856.373  0.927     291.44      1.075
    2   0.230     0.345    -0.697    63.921     1.489    -3.011   274.975    0.801   23983238.466  0.923     291.23      1.072
    3   0.344     0.515    -1.041    95.334     1.478    -2.989   271.850    0.792   23653029.672  0.920     291.03      1.069
    4   0.459     0.684    -1.384   126.391     1.467    -2.968   268.782    0.784   23329898.299  0.917     290.83      1.065
    5   0.574     0.852    -1.723   157.099     1.457    -2.947   265.770    0.775   23013544.231  0.914     290.63      1.062
    6   0.689     1.019    -2.061   187.463     1.447    -2.927   262.810    0.767   22703694.828  0.912     290.43      1.059
    7   0.803     1.184    -2.395   217.490     1.437    -2.907   259.901    0.758   22400101.431  0.909     290.24      1.056
    8   0.918     1.349    -2.728   247.185     1.427    -2.887   257.041    0.750   22102536.346  0.907     290.04      1.053
    9   1.033     1.512    -3.059   276.554     1.418    -2.868   254.228    0.742   21810790.259  0.904     289.85      1.050
   10   1.148     1.674    -3.387   305.603     1.409    -2.850   251.461    0.735   21524669.987  0.902     289.66      1.047
   11   1.263     1.836    -3.713   334.336     1.400    -2.832   248.738    0.727   21243996.542  0.900     289.48      1.045
   12   1.377     1.996    -4.037   362.759     1.391    -2.814   246.058    0.719   20968603.440  0.897     289.29      1.042
   13   1.492     2.155    -4.360   390.876     1.382    -2.796   243.419    0.712   20698335.151  0.894     289.11      1.039
   14   1.607     2.313    -4.680   418.692     1.374    -2.780   240.821    0.704   20433042.916  0.892     288.93      1.036
   15   1.722     2.471    -4.998   446.212     1.366    -2.763   238.262    0.697   20172580.789  0.889     288.75      1.033
   16   1.837     2.627    -5.314   473.439     1.358    -2.747   235.742    0.690   19916805.697  0.886     288.57      1.031
   17   1.951     2.783    -5.629   500.380     1.350    -2.731   233.259    0.683   19665577.695  0.883     288.40      1.028
   18   2.066     2.937    -5.942   527.037     1.342    -2.715   230.812    0.676   19418760.159  0.880     288.22      1.025
   19   2.181     3.091    -6.253   553.415     1.335    -2.700   228.399    0.669   19176219.930  0.878     288.05      1.023
   20   2.296     3.244    -6.562   579.517     1.328    -2.685   226.021    0.662   18937827.415  0.875     287.88      1.020
   21   2.410     3.396    -6.869   605.349     1.320    -2.671   223.676    0.656   18703456.653  0.872     287.72      1.018
   22   2.525     3.547    -7.175   630.912     1.313    -2.657   221.363    0.649   18472985.349  0.869     287.55      1.015
   23   2.640     3.698    -7.479   656.212     1.306    -2.643   219.080    0.642   18246294.884  0.867     287.38      1.013
   24   2.755     3.847    -7.782   681.251     1.300    -2.629   216.828    0.636   18023270.300  0.864     287.22      1.010
   25   2.870     3.996    -8.083   706.032     1.293    -2.616   214.604    0.630   17803800.270  0.861     287.06      1.008
   26   2.984     4.144    -8.383   730.560     1.287    -2.603   212.409    0.623   17587777.053  0.859     286.90      1.006
   27   3.099     4.292    -8.681   754.837     1.280    -2.590   210.241    0.617   17375096.433  0.857     286.74      1.003
   28   3.214     4.438    -8.978   778.867     1.274    -2.577   208.099    0.611   17165657.656  0.854     286.59      1.001
   29   3.329     4.584    -9.273   802.652     1.268    -2.565   205.983    0.605   16959363.353  0.852     286.43      0.999
   30   3.444     4.729    -9.567   826.195     1.262    -2.553   203.892    0.599   16756119.468  0.850     286.28      0.996
   31   3.558     4.874    -9.859   849.500     1.256    -2.541   201.824    0.593   16555835.644  0.848     286.13      0.994
   32   3.673     5.018   -10.150   872.568     1.250    -2.529   199.780    0.587   16358425.684  0.846     285.98      0.992
   33   3.788     5.161   -10.440   895.403     1.245    -2.518   197.759    0.582   16163807.325  0.844     285.83      0.990
   34   3.903     5.304   -10.729   918.007     1.239    -2.507   195.759    0.576   15971901.975  0.842     285.68      0.987
   35   4.017     5.446   -11.016   940.382     1.234    -2.496   193.781    0.570   15782634.479  0.840     285.54      0.985
   36   4.132     5.587   -11.302   962.531     1.229    -2.485   191.824    0.565   15595932.897  0.839     285.39      0.983
   37   4.247     5.728   -11.587   984.457     1.223    -2.475   189.886    0.559   15411728.308  0.837     285.25      0.981
   38   4.362     5.868   -11.870  1006.161     1.218    -2.464   187.969    0.553   15229954.620  0.835     285.11      0.979
   39   4.477     6.008   -12.153  1027.645     1.213    -2.454   186.070    0.548   15050548.398  0.834     284.97      0.977
   40   4.591     6.147   -12.434  1048.913     1.208    -2.444   184.190    0.543   14873448.712  0.832     284.83      0.975
   41   4.706     6.285   -12.714  1069.966     1.203    -2.434   182.327    0.537   14698596.984  0.831     284.70      0.973
   42   4.821     6.423   -12.993  1090.806     1.199    -2.425   180.483    0.532   14525936.854  0.829     284.56      0.971
   43   4.936     6.561   -13.271  1111.435     1.194    -2.415   178.656    0.527   14355414.057  0.828     284.43      0.969
   44   5.050     6.697   -13.547  1131.855     1.189    -2.406   176.845    0.521   14186976.303  0.827     284.29      0.967
   45   5.165     6.834   -13.823  1152.068     1.185    -2.397   175.051    0.516   14020573.171  0.825     284.16      0.965
   46   5.280     6.970   -14.098  1172.076     1.181    -2.388   173.272    0.511   13856156.007  0.824     284.03      0.963
   47   5.395     7.105   -14.372  1191.880     1.176    -2.379   171.509    0.506   13693677.828  0.822     283.90      0.962
   48   5.510     7.240   -14.644  1211.483     1.172    -2.370   169.762    0.501   13533093.238  0.821     283.78      0.960
   49   5.624     7.374   -14.916  1230.886     1.168    -2.362   168.029    0.496   13374358.345  0.819     283.65      0.958
   50   5.739     7.508   -15.187  1250.090     1.164    -2.354   166.310    0.491   13217430.684  0.818     283.52      0.956
   51   5.854     7.641   -15.456  1269.098     1.159    -2.345   164.606    0.486   13062269.146  0.817     283.40      0.954
   52   5.969     7.774   -15.725  1287.912     1.155    -2.337   162.916    0.481   12908833.911  0.815     283.28      0.953
   53   6.084     7.906   -15.993  1306.531     1.152    -2.329   161.239    0.476   12757086.388  0.814     283.16      0.951
   54   6.198     8.038   -16.260  1324.959     1.148    -2.322   159.575    0.472   12606989.119  0.812     283.04      0.949
   55   6.313     8.170   -16.526  1343.197     1.144    -2.314   157.925    0.467   12458505.523  0.811     282.92      0.947
   56   6.428     8.301   -16.791  1361.246     1.140    -2.306   156.287    0.462   12311599.806  0.810     282.80      0.946
   57   6.543     8.432   -17.056  1379.107     1.137    -2.299   154.661    0.457   12166236.952  0.808     282.69      0.944
   58   6.657     8.562   -17.319  1396.782     1.133    -2.292   153.047    0.453   12022382.720  0.807     282.57      0.942
   59   6.772     8.692   -17.582  1414.273     1.129    -2.285   151.445    0.448   11880003.630  0.805     282.46      0.941
   60   6.887     8.821   -17.844  1431.580     1.126    -2.277   149.855    0.443   11739066.958  0.804     282.34      0.939
   61   7.002     8.951   -18.105  1448.706     1.122    -2.271   148.276    0.439   11599540.724  0.803     282.23      0.938
   62   7.117     9.079   -18.365  1465.650     1.119    -2.264   146.708    0.434   11461393.683  0.801     282.12      0.936
   63   7.231     9.208   -18.625  1482.415     1.116    -2.257   145.151    0.430   11324595.310  0.800     282.01      0.935
   64   7.346     9.335   -18.884  1499.002     1.113    -2.250   143.604    0.425   11189115.790  0.799     281.91      0.933
   65   7.461     9.463   -19.142  1515.412     1.109    -2.244   142.068    0.421   11054926.005  0.798     281.80      0.932
   66   7.576     9.590   -19.399  1531.646     1.106    -2.238   140.541    0.416   10921997.519  0.796     281.69      0.930
   67   7.690     9.717   -19.655  1547.705     1.103    -2.231   139.025    0.412   10790302.569  0.795     281.59      0.929
   68   7.805     9.843   -19.911  1563.591     1.100    -2.225   137.518    0.408   10659814.046  0.794     281.49      0.927
   69   7.920     9.970   -20.166  1579.304     1.097    -2.219   136.020    0.403   10530505.486  0.793     281.38      0.926
   70   8.035    10.095   -20.421  1594.846     1.094    -2.213   134.531    0.399   10402351.054  0.792     281.28      0.924
   71   8.150    10.221   -20.675  1610.217     1.091    -2.207   133.052    0.395   10275325.530  0.791     281.18      0.923
   72   8.264    10.346   -20.928  1625.419     1.088    -2.202   131.581    0.390   10149404.296  0.790     281.08      0.922
   73   8.379    10.471   -21.180  1640.452     1.086    -2.196   130.119    0.386   10024563.321  0.789     280.99      0.920
   74   8.494    10.595   -21.432  1655.318     1.083    -2.190   128.665    0.382    9900779.151  0.788     280.89      0.919
   75   8.609    10.719   -21.683  1670.017     1.080    -2.185   127.219    0.377    9778028.890  0.787     280.79      0.918
   76   8.724    10.843   -21.934  1684.551     1.078    -2.180   125.781    0.373    9656290.189  0.786     280.70      0.916
   77   8.838    10.967   -22.184  1698.920     1.075    -2.174   124.351    0.369    9535541.235  0.786     280.61      0.915
   78   8.953    11.090   -22.433  1713.126     1.072    -2.169   122.929    0.365    9415760.735  0.785     280.51      0.914
   79   9.068    11.213   -22.682  1727.168     1.070    -2.164   121.514    0.361    9296927.903  0.784     280.42      0.912
   80   9.183    11.336   -22.930  1741.049     1.067    -2.159   120.106    0.357    9179022.461  0.784     280.33      0.911
   81   9.297    11.458   -23.177  1754.768     1.065    -2.154   118.705    0.353    9062024.715  0.783     280.24      0.910
   82   9.412    11.580   -23.424  1768.326     1.062    -2.149   117.312    0.348    8945915.566  0.783     280.16      0.909
   83   9.527    11.702   -23.671  1781.725     1.060    -2.144   115.925    0.344    8830676.481  0.782     280.07      0.907
   84   9.642    11.824   -23.917  1794.966     1.058    -2.139   114.544    0.340    8716289.467  0.782     279.98      0.906
   85   9.757    11.945   -24.162  1808.048     1.055    -2.135   113.171    0.336    8602737.041  0.782     279.90      0.905
   86   9.871    12.066   -24.407  1820.972     1.053    -2.130   111.803    0.332    8490002.206  0.781     279.81      0.904
   87   9.986    12.187   -24.651  1833.740     1.051    -2.126   110.442    0.328    8378068.428  0.781     279.73      0.903
   88  10.101    12.307   -24.895  1846.353     1.049    -2.121   109.087    0.324    8266919.613  0.781     279.65      0.902
   89  10.216    12.427   -25.138  1858.809     1.047    -2.117   107.738    0.320    8156540.085  0.781     279.57      0.901
   90  10.331    12.548   -25.381  1871.112     1.044    -2.113   106.395    0.316    8046914.566  0.780     279.49      0.899
   91  10.445    12.667   -25.623  1883.260     1.042    -2.108   105.057    0.313    7938028.162  0.780     279.41      0.898
   92  10.560    12.787   -25.865  1895.255     1.040    -2.104   103.725    0.309    7829866.335  0.780     279.33      0.897
   93  10.675    12.906   -26.106  1907.098     1.038    -2.100   102.399    0.305    7722414.898  0.780     279.25      0.896
   94  10.790    13.025   -26.347  1918.788     1.036    -2.096   101.078    0.301    7615659.988  0.780     279.18      0.895
   95  10.904    13.144   -26.588  1930.327     1.034    -2.092    99.762    0.297    7509588.060  0.780     279.10      0.894
   96  11.019    13.263   -26.828  1941.716     1.032    -2.088    98.452    0.293    7404185.867  0.779     279.03      0.893
   97  11.134    13.381   -27.067  1952.954     1.030    -2.084    97.146    0.289    7299440.450  0.779     278.96      0.892
   98  11.249    13.499   -27.306  1964.042     1.029    -2.081    95.846    0.285    7195339.120  0.779     278.88      0.891
   99  11.364    13.617   -27.545  1974.982     1.027    -2.077    94.550    0.282    7091869.453  0.779     278.81      0.890
  100  11.478    13.735   -27.783  1985.773     1.025    -2.073    93.260    0.278    6989019.274  0.779     278.74      0.889
  101  11.593    13.853   -28.021  1996.416     1.023    -2.070    91.974    0.274    6886776.646  0.779     278.67      0.888
  102  11.708    13.970   -28.258  2006.912     1.021    -2.066    90.692    0.270    6785129.860  0.778     278.61      0.887
  103  11.823    14.087   -28.495  2017.261     1.020    -2.063    89.415    0.266    6684067.429  0.778     278.54      0.887
  104  11.937    14.204   -28.732  2027.463     1.018    -2.059    88.143    0.263    6583578.073  0.778     278.47      0.886
  105  12.052    14.321   -28.968  2037.520     1.016    -2.056    86.875    0.259    6483650.714  0.778     278.41      0.885
  106  12.167    14.437   -29.204  2047.431     1.015    -2.053    85.611    0.255    6384274.467  0.778     278.34      0.884
  107  12.282    14.554   -29.439  2057.198     1.013    -2.049    84.352    0.251    6285438.629  0.777     278.28      0.883
  108  12.397    14.670   -29.674  2066.820     1.012    -2.046    83.096    0.248    6187132.677  0.777     278.22      0.882
  109  12.511    14.786   -29.909  2076.298     1.010    -2.043    81.845    0.244    6089346.254  0.777     278.15      0.881
  110  12.626    14.902   -30.143  2085.633     1.008    -2.040    80.597    0.240    5992069.129  0.777     278.09      0.881
  111  12.741    15.018   -30.377  2094.825     1.007    -2.037    79.354    0.237    5895291.187  0.776     278.03      0.880
  112  12.856    15.133   -30.611  2103.874     1.006    -2.034    78.114    0.233    5799002.428  0.776     277.97      0.879
  113  12.971    15.248   -30.844  2112.781     1.004    -2.031    76.878    0.229    5703192.968  0.776     277.92      0.878
  114  13.085    15.364   -31.077  2121.546     1.003    -2.028    75.645    0.226    5607853.038  0.775     277.86      0.877
  115  13.200    15.479   -31.310  2130.170     1.001    -2.025    74.416    0.222    5512972.988  0.775     277.80      0.877
  116  13.315    15.594   -31.542  2138.653     1.000    -2.023    73.191    0.218    5418543.281  0.774     277.75      0.876
  117  13.430    15.708   -31.774  2146.996     0.999    -2.020    71.969    0.215    5324554.498  0.774     277.69      0.875
  118  13.544    15.823   -32.006  2155.198     0.997    -2.017    70.750    0.211    5230997.336  0.774     277.64      0.874
  119  13.659    15.937   -32.238  2163.261     0.996    -2.015    69.535    0.208    5137862.608  0.773     277.59      0.874
  120  13.774    16.051   -32.469  2171.185     0.995    -2.012    68.322    0.204    5045141.242  0.773     277.54      0.873
  121  13.889    16.166   -32.700  2178.969     0.994    -2.010    67.113    0.200    4952824.281  0.773     277.49      0.872
  122  14.004    16.280   -32.930  2186.615     0.992    -2.007    65.907    0.197    4860902.884  0.772     277.44      0.872
  123  14.118    16.393   -33.160  2194.122     0.991    -2.005    64.704    0.193    4769368.320  0.772     277.39      0.871
  124  14.233    16.507   -33.391  2201.492     0.990    -2.003    63.504    0.190    4678211.974  0.772     277.34      0.870
  125  14.348    16.621   -33.620  2208.724     0.989    -2.000    62.307    0.186    4587425.344  0.771     277.29      0.870
  126  14.463    16.734   -33.850  2215.819     0.988    -1.998    61.113    0.183    4497000.036  0.771     277.25      0.869
  127  14.578    16.847   -34.079  2222.776     0.987    -1.996    59.921    0.179    4406927.772  0.771     277.20      0.869
  128  14.692    16.961   -34.308  2229.597     0.986    -1.994    58.732    0.176    4317200.381  0.770     277.16      0.868
  129  14.807    17.074   -34.537  2236.282     0.985    -1.992    57.545    0.172    4227809.800  0.770     277.11      0.867
  130  14.922    17.187   -34.765  2242.831     0.984    -1.990    56.361    0.168    4138748.080  0.770     277.07      0.867
  131  15.037    17.300   -34.993  2249.243     0.983    -1.988    55.180    0.165    4050007.376  0.769     277.03      0.866
  132  15.151    17.412   -35.222  2255.521     0.982    -1.986    54.001    0.161    3961579.952  0.769     276.99      0.866
  133  15.266    17.525   -35.449  2261.663     0.981    -1.984    52.824    0.158    3873458.181  0.769     276.95      0.865
  134  15.381    17.637   -35.677  2267.670     0.980    -1.982    51.649    0.154    3785634.540  0.769     276.91      0.865
  135  15.496    17.750   -35.904  2273.542     0.979    -1.980    50.477    0.151    3698101.616  0.769     276.87      0.864
  136  15.611    17.862   -36.132  2279.280     0.978    -1.978    49.307    0.147    3610852.102  0.769     276.83      0.864
  137  15.725    17.974   -36.359  2284.884     0.977    -1.976    48.139    0.144    3523878.798  0.769     276.80      0.863
  138  15.840    18.087   -36.585  2290.354     0.976    -1.975    46.973    0.141    3437174.614  0.769     276.76      0.863
  139  15.955    18.199   -36.812  2295.690     0.975    -1.973    45.809    0.137    3350732.565  0.769     276.73      0.862
  140  16.070    18.310   -37.038  2300.893     0.975    -1.972    44.647    0.134    3264545.782  0.769     276.69      0.862
  141  16.184    18.422   -37.265  2305.962     0.974    -1.970    43.487    0.130    3178607.503  0.769     276.66      0.861
  142  16.299    18.534   -37.491  2310.898     0.973    -1.968    42.329    0.127    3092911.085  0.769     276.63      0.861
  143  16.414    18.646   -37.716  2315.701     0.972    -1.967    41.172    0.123    3007450.000  0.769     276.60      0.861
  144  16.529    18.757   -37.942  2320.372     0.972    -1.966    40.017    0.120    2922217.844  0.769     276.57      0.860
  145  16.644    18.869   -38.168  2324.910     0.971    -1.964    38.864    0.116    2837208.340  0.769     276.54      0.860
  146  16.758    18.980   -38.393  2329.316     0.970    -1.963    37.712    0.113    2752415.343  0.769     276.51      0.859
  147  16.873    19.092   -38.618  2333.590     0.970    -1.962    36.562    0.110    2667832.852  0.770     276.48      0.859
  148  16.988    19.203   -38.843  2337.731     0.969    -1.960    35.414    0.106    2583455.015  0.770     276.45      0.859
  149  17.103    19.314   -39.068  2341.742     0.968    -1.959    34.267    0.103    2499276.780  0.770     276.43      0.858
  150  17.218    19.425   -39.293  2345.620     0.968    -1.958    33.121    0.099    2415292.730  0.770     276.40      0.858
  151  17.332    19.536   -39.518  2349.367     0.967    -1.957    31.977    0.096    2331497.541  0.770     276.38      0.858
  152  17.447    19.647   -39.742  2352.983     0.967    -1.956    30.834    0.092    2247886.100  0.770     276.36      0.857
  153  17.562    19.758   -39.967  2356.467     0.966    -1.955    29.692    0.089    2164453.532  0.770     276.33      0.857
  154  17.677    19.869   -40.191  2359.821     0.966    -1.954    28.552    0.086    2081195.245  0.770     276.31      0.857
  155  17.791    19.980   -40.415  2363.044     0.965    -1.953    27.412    0.082    1998106.967  0.770     276.29      0.856
  156  17.906    20.091   -40.639  2366.136     0.965    -1.952    26.274    0.079    1915184.812  0.770     276.27      0.856
  157  18.021    20.201   -40.863  2369.097     0.964    -1.951    25.137    0.075    1832425.356  0.770     276.25      0.856
  158  18.136    20.312   -41.087  2371.928     0.964    -1.950    24.001    0.072    1749825.728  0.770     276.23      0.856
  159  18.251    20.423   -41.311  2374.629     0.964    -1.949    22.866    0.069    1667383.742  0.770     276.21      0.855
  160  18.365    20.533   -41.535  2377.199     0.963    -1.948    21.731    0.065    1585098.059  0.770     276.20      0.855
  161  18.480    20.644   -41.758  2379.639     0.963    -1.948    20.598    0.062    1502968.405  0.770     276.18      0.855
  162  18.595    20.754   -41.982  2381.949     0.962    -1.947    19.466    0.059    1420995.868  0.770     276.17      0.855
  163  18.710    20.865   -42.205  2384.130     0.962    -1.946    18.334    0.055    1339183.296  0.770     276.15      0.855
  164  18.824    20.975   -42.429  2386.180     0.962    -1.946    17.203    0.052    1257535.854  0.770     276.14      0.854
  165  18.939    21.086   -42.652  2388.100     0.962    -1.945    16.073    0.049    1176061.806  0.770     276.13      0.854
  166  19.054    21.196   -42.875  2389.891     0.961    -1.944    14.943    0.045    1094773.642  0.770     276.12      0.854
  167  19.169    21.306   -43.098  2391.553     0.961    -1.944    13.814    0.042    1013689.741  0.770     276.10      0.854
  168  19.284    21.417   -43.321  2393.084     0.961    -1.943    12.686    0.039     932836.878  0.770     276.09      0.854
  169  19.398    21.527   -43.544  2394.486     0.961    -1.943    11.558    0.035     852254.138  0.770     276.09      0.854
  170  19.513    21.637   -43.767  2395.759     0.960    -1.943    10.430    0.032     771999.213  0.770     276.08      0.854
  171  19.628    21.747   -43.990  2396.902     0.960    -1.942     9.303    0.029     692158.958  0.770     276.07      0.854
  172  19.743    21.858   -44.213  2397.916     0.960    -1.942     8.176    0.025     612867.927  0.770     276.06      0.853
  173  19.858    21.968   -44.436  2398.801     0.960    -1.942     7.050    0.022     534342.712  0.770     276.06      0.853
  174  19.972    22.078   -44.659  2399.556     0.960    -1.941     5.924    0.019     456949.801  0.770     276.05      0.853
  175  20.087    22.188   -44.882  2400.182     0.960    -1.941     4.798    0.016     381350.068  0.770     276.05      0.853
  176  20.202    22.298   -45.105  2400.679     0.960    -1.941     3.672    0.013     308833.335  0.770     276.05      0.853
  177  20.317    22.408   -45.328  2401.047     0.960    -1.941     2.547    0.010     242154.930  0.770     276.04      0.853
  178  20.431    22.519   -45.550  2401.286     0.959    -1.941     1.422    0.008     187616.602  0.770     276.04      0.853
  179  20.546    22.629   -45.773  2401.395     0.959    -1.941     0.296    0.007     158283.766  0.770     276.04      0.853
  180  20.661    22.739   -45.996  2401.375     0.959    -1.941    -0.829    0.007     167917.408  0.770     276.04      0.853
  181  20.776    22.849   -46.219  2401.226     0.959    -1.941    -1.954    0.009     211247.709  0.770     276.04      0.853
  182  20.891    22.959   -46.441  2400.948     0.959    -1.940    -3.079    0.011     272654.810  0.770     276.04      0.853
  183  21.005    23.069   -46.664  2400.541     0.959    -1.940    -4.204    0.014     342549.646  0.770     276.05      0.853
  184  21.120    23.179   -46.887  2400.004     0.959    -1.940    -5.329    0.017     416680.907  0.770     276.05      0.853
  185  21.235    23.289   -47.110  2399.339     0.959    -1.940    -6.454    0.020     493139.880  0.770     276.05      0.853
  186  21.350    23.399   -47.332  2398.544     0.959    -1.940    -7.578    0.024     570990.251  0.770     276.06      0.853
  187  21.465    23.510   -47.555  2397.621     0.959    -1.939    -8.702    0.027     649729.972  0.770     276.07      0.854
  188  21.579    23.620   -47.777  2396.568     0.959    -1.939    -9.826    0.030     729068.784  0.770     276.07      0.854
  189  21.694    23.730   -48.000  2395.387     0.958    -1.939   -10.949    0.033     808828.183  0.770     276.08      0.854
  190  21.809    23.840   -48.223  2394.076     0.958    -1.938   -12.072    0.037     888892.685  0.770     276.09      0.854
  191  21.924    23.950   -48.445  2392.637     0.958    -1.938   -13.194    0.040     969184.358  0.770     276.10      0.854
  192  22.038    24.060   -48.667  2391.069     0.958    -1.937   -14.316    0.043    1049648.717  0.770     276.11      0.854
  193  22.153    24.169   -48.890  2389.372     0.958    -1.937   -15.438    0.047    1130246.494  0.770     276.12      0.854
  194  22.268    24.279   -49.112  2387.546     0.957    -1.936   -16.558    0.050    1210948.636  0.770     276.13      0.854
  195  22.383    24.389   -49.334  2385.592     0.957    -1.936   -17.679    0.053    1291733.141  0.770     276.14      0.855
  196  22.498    24.499   -49.556  2383.509     0.957    -1.935   -18.798    0.057    1372583.004  0.770     276.16      0.855
  197  22.612    24.609   -49.779  2381.298     0.956    -1.934   -19.917    0.060    1453484.836  0.770     276.17      0.855
  198  22.727    24.719   -50.001  2378.958     0.956    -1.934   -21.034    0.063    1534427.914  0.770     276.19      0.855
  199  22.842    24.828   -50.222  2376.491     0.956    -1.933   -22.151    0.067    1615403.519  0.770     276.20      0.855
  200  22.957    24.938   -50.444  2373.895     0.955    -1.932   -23.267    0.070    1696404.455  0.770     276.22      0.856
  201  23.071    25.048   -50.666  2371.170     0.955    -1.931   -24.383    0.073    1777424.707  0.770     276.24      0.856
  202  23.186    25.157   -50.888  2368.318     0.954    -1.931   -25.497    0.077    1858459.180  0.770     276.26      0.856
  203  23.301    25.267   -51.109  2365.339     0.954    -1.930   -26.610    0.080    1939503.509  0.770     276.28      0.856
  204  23.416    25.376   -51.331  2362.231     0.954    -1.929   -27.722    0.083    2020553.910  0.770     276.30      0.857
  205  23.531    25.486   -51.552  2358.996     0.953    -1.928   -28.833    0.086    2101607.072  0.770     276.32      0.857
  206  23.645    25.595   -51.773  2355.633     0.953    -1.927   -29.943    0.090    2182660.061  0.770     276.34      0.857
  207  23.760    25.704   -51.994  2352.143     0.952    -1.926   -31.052    0.093    2263710.260  0.770     276.36      0.857
  208  23.875    25.814   -52.215  2348.526     0.951    -1.925   -32.160    0.096    2344755.307  0.770     276.38      0.858
  209  23.990    25.923   -52.436  2344.781     0.951    -1.924   -33.266    0.100    2425793.056  0.770     276.41      0.858
  210  24.105    26.032   -52.657  2340.910     0.950    -1.922   -34.371    0.103    2506821.539  0.770     276.43      0.858
  211  24.219    26.141   -52.878  2336.912     0.950    -1.921   -35.474    0.106    2587838.938  0.770     276.46      0.859
  212  24.334    26.250   -53.098  2332.788     0.949    -1.920   -36.577    0.110    2668843.561  0.770     276.49      0.859
  213  24.449    26.359   -53.318  2328.537     0.949    -1.919   -37.677    0.113    2749833.932  0.769     276.51      0.859
  214  24.564    26.468   -53.539  2324.159     0.948    -1.917   -38.777    0.116    2830809.175  0.769     276.54      0.860
  215  24.678    26.576   -53.759  2319.656     0.947    -1.916   -39.874    0.119    2911767.848  0.769     276.57      0.860
  216  24.793    26.685   -53.978  2315.027     0.947    -1.915   -40.970    0.123    2992708.568  0.769     276.60      0.861
  217  24.908    26.794   -54.198  2310.271     0.946    -1.913   -42.065    0.126    3073629.995  0.769     276.63      0.861
  218  25.023    26.902   -54.418  2305.391     0.945    -1.912   -43.158    0.129    3154530.829  0.769     276.66      0.861
  219  25.138    27.011   -54.637  2300.385     0.944    -1.910   -44.249    0.132    3235409.800  0.769     276.70      0.862
  220  25.252    27.119   -54.856  2295.254     0.944    -1.909   -45.339    0.136    3316265.663  0.769     276.73      0.862
  221  25.367    27.227   -55.075  2289.997     0.943    -1.907   -46.426    0.139    3397097.196  0.769     276.77      0.863
  222  25.482    27.336   -55.294  2284.617     0.942    -1.906   -47.512    0.142    3477903.189  0.769     276.80      0.863
  223  25.597    27.444   -55.513  2279.111     0.941    -1.904   -48.596    0.145    3558682.448  0.769     276.84      0.864
  224  25.712    27.552   -55.731  2273.481     0.940    -1.902   -49.678    0.149    3639433.788  0.769     276.87      0.864
  225  25.826    27.660   -55.949  2267.727     0.940    -1.901   -50.759    0.152    3720156.032  0.769     276.91      0.865
  226  25.941    27.767   -56.168  2261.849     0.939    -1.899   -51.837    0.155    3800848.007  0.769     276.95      0.865
  227  26.056    27.875   -56.385  2255.848     0.938    -1.897   -52.913    0.158    3881508.545  0.769     276.99      0.866
  228  26.171    27.983   -56.603  2249.723     0.937    -1.895   -53.987    0.161    3962136.480  0.769     277.03      0.866
  229  26.285    28.090   -56.821  2243.475     0.936    -1.893   -55.059    0.165    4042730.646  0.769     277.07      0.867
  230  26.400    28.198   -57.038  2237.104     0.935    -1.891   -56.129    0.168    4123289.879  0.770     277.11      0.867
  231  26.515    28.305   -57.255  2230.610     0.934    -1.890   -57.196    0.171    4203813.013  0.770     277.15      0.868
  232  26.630    28.412   -57.472  2223.994     0.933    -1.888   -58.261    0.174    4284298.882  0.770     277.19      0.868
  233  26.745    28.519   -57.688  2217.256     0.932    -1.886   -59.324    0.177    4364746.318  0.770     277.24      0.869
  234  26.859    28.626   -57.904  2210.396     0.931    -1.884   -60.385    0.180    4445154.151  0.771     277.28      0.870
  235  26.974    28.733   -58.121  2203.414     0.930    -1.881   -61.443    0.184    4525521.212  0.771     277.33      0.870
  236  27.089    28.840   -58.336  2196.311     0.929    -1.879   -62.499    0.187    4605846.329  0.771     277.37      0.871
  237  27.204    28.946   -58.552  2189.086     0.928    -1.877   -63.553    0.190    4686128.328  0.772     277.42      0.871
  238  27.318    29.053   -58.767  2181.741     0.927    -1.875   -64.603    0.193    4766366.036  0.772     277.47      0.872
  239  27.433    29.159   -58.983  2174.276     0.926    -1.873   -65.652    0.196    4846558.277  0.772     277.52      0.873
  240  27.548    29.265   -59.197  2166.690     0.925    -1.871   -66.698    0.199    4926703.877  0.772     277.57      0.873
  241  27.663    29.371   -59.412  2158.984     0.924    -1.868   -67.741    0.202    5006801.663  0.773     277.62      0.874
  242  27.778    29.477   -59.626  2151.159     0.922    -1.866   -68.781    0.205    5086850.461  0.773     277.67      0.875
  243  27.892    29.583   -59.840  2143.214     0.921    -1.864   -69.819    0.208    5166849.101  0.773     277.72      0.875
  244  28.007    29.689   -60.054  2135.151     0.920    -1.861   -70.854    0.211    5246796.413  0.774     277.77      0.876
  245  28.122    29.794   -60.268  2126.969     0.919    -1.859   -71.886    0.214    5326691.232  0.774     277.82      0.877
  246  28.237    29.900   -60.481  2118.668     0.918    -1.856   -72.916    0.218    5406532.397  0.774     277.88      0.878
  247  28.352    30.005   -60.694  2110.249     0.916    -1.854   -73.942    0.221    5486318.752  0.775     277.93      0.878
  248  28.466    30.110   -60.907  2101.713     0.915    -1.851   -74.966    0.224    5566049.147  0.775     277.99      0.879
  249  28.581    30.215   -61.119  2093.059     0.914    -1.849   -75.987    0.227    5645722.438  0.775     278.05      0.880
  250  28.696    30.320   -61.331  2084.289     0.913    -1.846   -77.004    0.230    5725337.489  0.776     278.10      0.881
  251  28.811    30.425   -61.543  2075.401     0.911    -1.843   -78.019    0.233    5804893.174  0.776     278.16      0.881
  252  28.925    30.529   -61.754  2066.398     0.910    -1.841   -79.031    0.236    5884388.375  0.776     278.22      0.882
  253  29.040    30.634   -61.965  2057.278     0.909    -1.838   -80.039    0.239    5963821.985  0.776     278.28      0.883
  254  29.155    30.738   -62.176  2048.043     0.907    -1.835   -81.045    0.242    6043192.910  0.777     278.34      0.884
  255  29.270    30.842   -62.387  2038.692     0.906    -1.833   -82.047    0.245    6122500.069  0.777     278.40      0.885
  256  29.385    30.946   -62.597  2029.227     0.905    -1.830   -83.046    0.247    6201742.393  0.777     278.46      0.885
  257  29.499    31.050   -62.807  2019.647     0.903    -1.827   -84.042    0.250    6280918.829  0.777     278.52      0.886
  258  29.614    31.153   -63.016  2009.953     0.902    -1.824   -85.034    0.253    6360028.341  0.778     278.59      0.887
  259  29.729    31.257   -63.226  2000.145     0.900    -1.821   -86.024    0.256    6439069.905  0.778     278.65      0.888
  260  29.844    31.360   -63.435  1990.224     0.899    -1.818   -87.009    0.259    6518042.496  0.778     278.71      0.889
  261  29.958    31.463   -63.643  1980.189     0.897    -1.815   -87.992    0.262    6596945.079  0.778     278.78      0.890
  262  30.073    31.566   -63.851  1970.042     0.896    -1.812   -88.971    0.265    6675776.605  0.778     278.84      0.891
  263  30.188    31.669   -64.059  1959.783     0.894    -1.809   -89.947    0.268    6754536.016  0.778     278.91      0.892
  264  30.303    31.771   -64.267  1949.412     0.893    -1.806   -90.919    0.271    6833222.241  0.778     278.98      0.893
  265  30.418    31.874   -64.474  1938.930     0.891    -1.803   -91.888    0.274    6911834.193  0.779     279.05      0.893
  266  30.532    31.976   -64.681  1928.336     0.890    -1.800   -92.853    0.276    6990370.773  0.779     279.12      0.894
  267  30.647    32.078   -64.887  1917.632     0.888    -1.797   -93.815    0.279    7068830.864  0.779     279.19      0.895
  268  30.762    32.180   -65.093  1906.818     0.887    -1.794   -94.773    0.282    7147213.332  0.779     279.26      0.896
  269  30.877    32.282   -65.299  1895.894     0.885    -1.790   -95.728    0.285    7225517.029  0.779     279.33      0.897
  270  30.992    32.383   -65.504  1884.861     0.884    -1.787   -96.679    0.288    7303740.783  0.779     279.40      0.898
  271  31.106    32.485   -65.709  1873.718     0.882    -1.784   -97.626    0.290    7381883.407  0.779     279.47      0.899
  272  31.221    32.586   -65.914  1862.467     0.880    -1.781   -98.569    0.293    7459943.693  0.779     279.54      0.900
  273  31.336    32.687   -66.118  1851.108     0.879    -1.777   -99.509    0.296    7537920.410  0.779     279.62      0.901
  274  31.451    32.787   -66.322  1839.641     0.877    -1.774  -100.445    0.299    7615812.307  0.780     279.69      0.902
  275  31.565    32.888   -66.526  1828.067     0.875    -1.771  -101.377    0.301    7693618.109  0.780     279.77      0.903
  276  31.680    32.988   -66.729  1816.386     0.874    -1.767  -102.306    0.304    7771336.519  0.780     279.84      0.904
  277  31.795    33.089   -66.931  1804.599     0.872    -1.764  -103.230    0.307    7848966.214  0.780     279.92      0.905
  278  31.910    33.189   -67.134  1792.706     0.870    -1.760  -104.151    0.309    7926505.847  0.780     280.00      0.906
  279  32.025    33.288   -67.335  1780.707     0.868    -1.757  -105.067    0.312    8003954.046  0.780     280.08      0.908
  280  32.139    33.388   -67.537  1768.604     0.867    -1.753  -105.980    0.315    8081309.410  0.780     280.15      0.909
  281  32.254    33.487   -67.738  1756.395     0.865    -1.750  -106.889    0.317    8158570.514  0.780     280.23      0.910
  282  32.369    33.587   -67.939  1744.083     0.863    -1.746  -107.793    0.320    8235735.903  0.781     280.31      0.911
  283  32.484    33.686   -68.139  1731.667     0.861    -1.742  -108.694    0.323    8312804.097  0.781     280.39      0.912
  284  32.599    33.784   -68.339  1719.148     0.860    -1.739  -109.591    0.325    8389773.583  0.781     280.48      0.913
  285  32.713    33.883   -68.538  1706.526     0.858    -1.735  -110.483    0.328    8466642.822  0.781     280.56      0.914
  286  32.828    33.981   -68.737  1693.802     0.856    -1.731  -111.372    0.331    8543410.244  0.781     280.64      0.915
  287  32.943    34.079   -68.936  1680.976     0.854    -1.728  -112.256    0.333    8620074.249  0.781     280.72      0.917
  288  33.058    34.177   -69.134  1668.049     0.852    -1.724  -113.136    0.336    8696633.207  0.782     280.81      0.918
  289  33.172    34.275   -69.331  1655.021     0.850    -1.720  -114.012    0.338    8773085.455  0.782     280.89      0.919
  290  33.287    34.373   -69.529  1641.892     0.848    -1.716  -114.883    0.341    8849429.301  0.782     280.98      0.920
  291  33.402    34.470   -69.725  1628.664     0.847    -1.712  -115.750    0.343    8925663.021  0.782     281.06      0.921
  292  33.517    34.567   -69.922  1615.337     0.845    -1.709  -116.613    0.346    9001784.858  0.783     281.15      0.922
  293  33.632    34.664   -70.118  1601.910     0.843    -1.705  -117.472    0.348    9077793.025  0.783     281.24      0.924
  294  33.746    34.760   -70.313  1588.385     0.841    -1.701  -118.326    0.351    9153685.702  0.783     281.33      0.925
  295  33.861    34.857   -70.508  1574.763     0.839    -1.697  -119.176    0.353    9229461.035  0.783     281.41      0.926
  296  33.976    34.953   -70.703  1561.043     0.837    -1.693  -120.021    0.356    9305117.142  0.784     281.50      0.927
  297  34.091    35.049   -70.897  1547.226     0.835    -1.689  -120.862    0.358    9380652.104  0.784     281.59      0.929
  298  34.205    35.145   -71.091  1533.313     0.833    -1.685  -121.699    0.361    9456063.973  0.784     281.68      0.930
  299  34.320    35.240   -71.284  1519.304     0.831    -1.681  -122.531    0.363    9531350.767  0.785     281.77      0.931
  300  34.435    35.336   -71.477  1505.200     0.829    -1.677  -123.358    0.365    9606510.474  0.785     281.87      0.933
  301  34.550    35.431   -71.669  1491.001     0.827    -1.673  -124.181    0.368    9681541.050  0.785     281.96      0.934
  302  34.665    35.525   -71.861  1476.708     0.825    -1.668  -124.999    0.370    9756440.434  0.786     282.05      0.935
  303  34.779    35.620   -72.052  1462.321     0.823    -1.664  -125.813    0.372    9831206.566  0.786     282.14      0.936
  304  34.894    35.714   -72.243  1447.842     0.821    -1.660  -126.622    0.375    9905837.387  0.787     282.24      0.938
  305  35.009    35.808   -72.433  1433.269     0.819    -1.656  -127.426    0.377    9980330.840  0.787     282.33      0.939
  306  35.124    35.902   -72.623  1418.604     0.817    -1.652  -128.226    0.379   10054684.871  0.788     282.43      0.940
  307  35.239    35.996   -72.812  1403.848     0.814    -1.648  -129.020    0.382   10128897.432  0.788     282.52      0.942
  308  35.353    36.089   -73.001  1389.001     0.812    -1.643  -129.810    0.384   10202966.478  0.789     282.62      0.943
  309  35.468    36.182   -73.190  1374.063     0.810    -1.639  -130.596    0.386   10276889.971  0.789     282.72      0.945
  310  35.583    36.275   -73.378  1359.036     0.808    -1.635  -131.376    0.388   10350665.879  0.789     282.82      0.946
  311  35.698    36.368   -73.565  1343.919     0.806    -1.630  -132.152    0.391   10424292.179  0.790     282.91      0.947
  312  35.812    36.460   -73.752  1328.713     0.804    -1.626  -132.922    0.393   10497766.857  0.790     283.01      0.949
  313  35.927    36.553   -73.938  1313.419     0.802    -1.622  -133.688    0.395   10571087.907  0.791     283.11      0.950
  314  36.042    36.645   -74.124  1298.037     0.799    -1.617  -134.449    0.397   10644253.334  0.791     283.21      0.952
  315  36.157    36.736   -74.310  1282.569     0.797    -1.613  -135.205    0.399   10717261.156  0.792     283.31      0.953
  316  36.272    36.828   -74.495  1267.013     0.795    -1.608  -135.956    0.401   10790109.400  0.793     283.41      0.955
  317  36.386    36.919   -74.679  1251.372     0.793    -1.604  -136.702    0.404   10862796.110  0.793     283.52      0.956
  318  36.501    37.010   -74.863  1235.646     0.791    -1.599  -137.443    0.406   10935319.339  0.794     283.62      0.957
  319  36.616    37.100   -75.046  1219.834     0.788    -1.595  -138.179    0.408   11007677.157  0.794     283.72      0.959
  320  36.731    37.191   -75.229  1203.938     0.786    -1.590  -138.910    0.410   11079867.649  0.795     283.82      0.960
  321  36.846    37.281   -75.411  1187.959     0.784    -1.586  -139.636    0.412   11151888.916  0.795     283.93      0.962
  322  36.960    37.371   -75.593  1171.897     0.782    -1.581  -140.357    0.414   11223739.075  0.796     284.03      0.963
  323  37.075    37.460   -75.774  1155.752     0.779    -1.577  -141.073    0.416   11295416.258  0.796     284.14      0.965
  324  37.190    37.550   -75.955  1139.525     0.777    -1.572  -141.784    0.418   11366918.620  0.797     284.24      0.966
  325  37.305    37.639   -76.135  1123.217     0.775    -1.567  -142.489    0.420   11438244.328  0.797     284.35      0.968
  326  37.419    37.728   -76.315  1106.828     0.773    -1.563  -143.190    0.422   11509391.574  0.798     284.46      0.970
  327  37.534    37.816   -76.494  1090.359     0.770    -1.558  -143.885    0.424   11580358.565  0.799     284.56      0.971
  328  37.649    37.904   -76.673  1073.810     0.768    -1.553  -144.575    0.426   11651143.530  0.799     284.67      0.973
  329  37.764    37.992   -76.851  1057.182     0.766    -1.549  -145.260    0.428   11721744.719  0.800     284.78      0.974
  330  37.879    38.080   -77.028  1040.476     0.763    -1.544  -145.940    0.430   11792160.402  0.800     284.89      0.976
  331  37.993    38.168   -77.205  1023.693     0.761    -1.539  -146.615    0.432   11862388.872  0.801     285.00      0.977
  332  38.108    38.255   -77.382  1006.832     0.759    -1.534  -147.284    0.434   11932428.441  0.801     285.11      0.979
  333  38.223    38.342   -77.558   989.894     0.756    -1.530  -147.948    0.436   12002277.446  0.802     285.22      0.981
  334  38.338    38.429   -77.733   972.880     0.754    -1.525  -148.607    0.437   12071934.248  0.802     285.33      0.982
  335  38.452    38.515   -77.908   955.791     0.751    -1.520  -149.261    0.439   12141397.227  0.803     285.44      0.984
  336  38.567    38.601   -78.082   938.628     0.749    -1.515  -149.909    0.441   12210664.790  0.803     285.55      0.986
  337  38.682    38.687   -78.256   921.390     0.747    -1.510  -150.553    0.443   12279735.367  0.804     285.66      0.987
  338  38.797    38.773   -78.429   904.078     0.744    -1.505  -151.191    0.445   12348607.413  0.804     285.77      0.989
  339  38.912    38.858   -78.601   886.694     0.742    -1.500  -151.823    0.446   12417279.404  0.805     285.89      0.990
  340  39.026    38.943   -78.773   869.237     0.739    -1.496  -152.451    0.448   12485749.845  0.806     286.00      0.992
  341  39.141    39.028   -78.945   851.708     0.737    -1.491  -153.073    0.450   12554017.264  0.806     286.11      0.994
  342  39.256    39.112   -79.116   834.109     0.734    -1.486  -153.690    0.452   12622080.214  0.807     286.23      0.996
  343  39.371    39.196   -79.286   816.438     0.732    -1.481  -154.301    0.453   12689937.275  0.807     286.34      0.997
  344  39.486    39.280   -79.456   798.698     0.730    -1.476  -154.908    0.455   12757587.049  0.808     286.46      0.999
  345  39.600    39.364   -79.625   780.888     0.727    -1.471  -155.509    0.457   12825028.169  0.808     286.57      1.001
  346  39.715    39.447   -79.793   763.010     0.725    -1.466  -156.104    0.458   12892259.289  0.809     286.69      1.002
  347  39.830    39.530   -79.961   745.064     0.722    -1.461  -156.695    0.460   12959279.091  0.809     286.81      1.004
  348  39.945    39.613   -80.129   727.050     0.720    -1.456  -157.280    0.462   13026086.285  0.810     286.92      1.006
  349  40.059    39.695   -80.296   708.969     0.717    -1.451  -157.860    0.463   13092679.603  0.810     287.04      1.008
  350  40.174    39.778   -80.462   690.822     0.715    -1.446  -158.434    0.465   13159057.807  0.810     287.16      1.009
  351  40.289    39.860   -80.628   672.609     0.712    -1.441  -159.004    0.466   13225219.684  0.811     287.28      1.011
  352  40.404    39.941   -80.793   654.331     0.710    -1.436  -159.568    0.468   13291164.047  0.811     287.40      1.013
  353  40.519    40.023   -80.957   635.988     0.707    -1.430  -160.126    0.469   13356889.735  0.812     287.52      1.015
  354  40.633    40.104   -81.121   617.582     0.705    -1.425  -160.680    0.471   13422395.614  0.812     287.64      1.017
  355  40.748    40.184   -81.285   599.112     0.702    -1.420  -161.228    0.473   13487680.578  0.813     287.76      1.018
  356  40.863    40.265   -81.447   580.580     0.700    -1.415  -161.771    0.474   13552743.543  0.813     287.88      1.020
  357  40.978    40.345   -81.610   561.986     0.697    -1.410  -162.308    0.475   13617583.455  0.814     288.00      1.022
  358  41.092    40.425   -81.771   543.330     0.695    -1.405  -162.841    0.477   13682199.286  0.814     288.12      1.024
  359  41.207    40.505   -81.932   524.613     0.692    -1.400  -163.368    0.478   13746590.032  0.814     288.24      1.026
  360  41.322    40.584   -82.093   505.836     0.689    -1.395  -163.890    0.480   13810754.717  0.815     288.36      1.028
  361  41.437    40.663   -82.252   487.000     0.687    -1.389  -164.406    0.481   13874692.390  0.815     288.48      1.029
  362  41.552    40.742   -82.412   468.104     0.684    -1.384  -164.917    0.483   13938402.126  0.816     288.61      1.031
  363  41.666    40.820   -82.570   449.150     0.682    -1.379  -165.424    0.484   14001883.021  0.816     288.73      1.033
  364  41.781    40.898   -82.728   430.138     0.679    -1.374  -165.924    0.485   14065134.187  0.816     288.85      1.035
  365  41.896    40.976   -82.886   411.069     0.677    -1.369  -166.420    0.487   14128154.753  0.817     288.98      1.037
  366  42.011    41.054   -83.043   391.943     0.674    -1.363  -166.911    0.488   14190943.865  0.817     289.10      1.039
  367  42.126    41.131   -83.199   372.761     0.671    -1.358  -167.396    0.489   14253500.683  0.818     289.23      1.041
  368  42.240    41.208   -83.355   353.524     0.669    -1.353  -167.876    0.491   14315824.389  0.818     289.35      1.043
  369  42.355    41.284   -83.510   334.232     0.666    -1.348  -168.351    0.492   14377914.177  0.818     289.48      1.045
  370  42.470    41.361   -83.664   314.886     0.664    -1.343  -168.821    0.493   14439769.261  0.819     289.60      1.046
  371  42.585    41.437   -83.818   295.486     0.661    -1.337  -169.285    0.494   14501388.873  0.819     289.73      1.048
  372  42.699    41.513   -83.971   276.032     0.659    -1.332  -169.745    0.496   14562772.263  0.819     289.86      1.050
  373  42.814    41.588   -84.124   256.527     0.656    -1.327  -170.199    0.497   14623918.697  0.820     289.98      1.052
  374  42.929    41.663   -84.276   236.969     0.653    -1.322  -170.649    0.498   14684827.462  0.820     290.11      1.054
  375  43.044    41.738   -84.427   217.360     0.651    -1.316  -171.093    0.499   14745497.861  0.820     290.24      1.056
  376  43.159    41.813   -84.578   197.701     0.648    -1.311  -171.532    0.500   14805929.218  0.821     290.36      1.058
  377  43.273    41.887   -84.728   177.991     0.646    -1.306  -171.966    0.502   14866120.874  0.821     290.49      1.060
  378  43.388    41.961   -84.878   158.231     0.643    -1.301  -172.395    0.503   14926072.189  0.821     290.62      1.062
  379  43.503    42.035   -85.027   138.423     0.640    -1.295  -172.819    0.504   14985782.545  0.822     290.75      1.064
  380  43.618    42.108   -85.176   118.566     0.638    -1.290  -173.237    0.505   15045251.339  0.822     290.88      1.066
  381  43.733    42.181   -85.323    98.662     0.635    -1.285  -173.651    0.506   15104477.992  0.822     291.01      1.068
  382  43.847    42.254   -85.471    78.710     0.633    -1.279  -174.060    0.507   15163461.942  0.823     291.14      1.070
  383  43.962    42.326   -85.617    58.711     0.630    -1.274  -174.464    0.508   15222202.647  0.823     291.27      1.072
  384  44.077    42.398   -85.763    38.667     0.627    -1.269  -174.863    0.509   15280699.586  0.823     291.40      1.074
  385  44.192    42.470   -85.909    18.576     0.625    -1.264  -175.257    0.510   15338952.257  0.823     291.53      1.076
  386  44.298    42.536   -86.042     0.000     0.622    -1.259  -175.616    0.511   15395103.654  0.823     291.65      1.078
###################################################################################################################################
Range=   96.0 meters, flight time=   44.3 seconds, final location (x,y,z)=(   42.5,  -86.0,    0.0)
