Output output/Halemaumau_run005.txt from Eject, Python version, run on 2020-01-07-1130


Block parameters:
                       Block diameter, m:   0.24
                    Block density, kg/m3:   2500
                             Block shape:  sphere
                   Initial velocity, m/s:   68.8
 Ejection angle from horizontal, degrees:   21.8
      Ejection direction, degrees E of N:  296.9
                         Wind speed, m/s:    0.0
             Wind direction, deg. E of N:    0.0
landing point meters below takeoff point:      0
     extent of reduced drag zone, meters:    0.0

Meteorologic conditions:
            Temperature at sea level, Celsius:  25.0
            Thermal lapse rate, deg. C per km:  6.50
Elevation of takeoff point above sea level, m:  1000

TRAJECTORY CALCULATIONS
###################################################################################################################################
    i   t (s)     x (m)     y (m)     z (m)   vx(m/s)  vy (m/s)  vz (m/s)   Mach #     Reynolds #     Cd   Temp (K) rho_air (kg/m3)
    0   0.000     0.000     0.000     0.000   -56.966    28.844    25.505    0.200     997515.740  0.110     291.65      1.078
    1   0.010    -0.593     0.300     0.265   -56.960    28.841    25.401    0.200     996843.501  0.110     291.65      1.078
    2   0.021    -1.185     0.600     0.529   -56.954    28.838    25.296    0.200     996173.434  0.110     291.65      1.078
    3   0.031    -1.778     0.900     0.791   -56.948    28.835    25.191    0.200     995505.541  0.110     291.64      1.078
    4   0.042    -2.370     1.200     1.053   -56.942    28.832    25.087    0.200     994839.826  0.110     291.64      1.078
    5   0.052    -2.962     1.500     1.314   -56.936    28.829    24.982    0.199     994176.290  0.110     291.64      1.078
    6   0.062    -3.555     1.800     1.573   -56.930    28.826    24.878    0.199     993514.936  0.110     291.64      1.078
    7   0.073    -4.147     2.100     1.831   -56.924    28.823    24.773    0.199     992855.766  0.110     291.64      1.078
    8   0.083    -4.739     2.400     2.089   -56.918    28.820    24.669    0.199     992198.782  0.110     291.64      1.078
    9   0.094    -5.331     2.699     2.345   -56.912    28.817    24.564    0.199     991543.987  0.110     291.63      1.078
   10   0.104    -5.923     2.999     2.600   -56.906    28.814    24.460    0.199     990891.383  0.110     291.63      1.078
   11   0.114    -6.515     3.299     2.854   -56.901    28.811    24.355    0.199     990240.972  0.110     291.63      1.078
   12   0.125    -7.107     3.599     3.107   -56.895    28.808    24.251    0.199     989592.757  0.110     291.63      1.078
   13   0.135    -7.699     3.898     3.359   -56.889    28.805    24.146    0.198     988946.740  0.110     291.63      1.078
   14   0.146    -8.291     4.198     3.609   -56.883    28.802    24.042    0.198     988302.923  0.109     291.63      1.078
   15   0.156    -8.883     4.498     3.859   -56.877    28.799    23.937    0.198     987661.309  0.109     291.62      1.078
   16   0.166    -9.474     4.797     4.108   -56.871    28.796    23.833    0.198     987021.899  0.109     291.62      1.078
   17   0.177   -10.066     5.097     4.355   -56.865    28.793    23.728    0.198     986384.697  0.109     291.62      1.078
   18   0.187   -10.657     5.396     4.602   -56.860    28.790    23.624    0.198     985749.704  0.109     291.62      1.078
   19   0.198   -11.249     5.696     4.847   -56.854    28.787    23.520    0.198     985116.923  0.109     291.62      1.078
   20   0.208   -11.840     5.995     5.091   -56.848    28.785    23.415    0.198     984486.356  0.109     291.62      1.078
   21   0.218   -12.432     6.295     5.334   -56.842    28.782    23.311    0.197     983858.006  0.109     291.62      1.078
   22   0.229   -13.023     6.594     5.576   -56.836    28.779    23.206    0.197     983231.874  0.109     291.61      1.078
   23   0.239   -13.614     6.894     5.817   -56.831    28.776    23.102    0.197     982607.963  0.109     291.61      1.078
   24   0.250   -14.206     7.193     6.057   -56.825    28.773    22.998    0.197     981986.275  0.109     291.61      1.078
   25   0.260   -14.797     7.492     6.296   -56.819    28.770    22.893    0.197     981366.813  0.109     291.61      1.078
   26   0.270   -15.388     7.791     6.534   -56.813    28.767    22.789    0.197     980749.579  0.109     291.61      1.078
   27   0.281   -15.979     8.091     6.770   -56.807    28.764    22.685    0.197     980134.574  0.109     291.61      1.078
   28   0.291   -16.570     8.390     7.006   -56.802    28.761    22.581    0.197     979521.802  0.109     291.60      1.078
   29   0.302   -17.161     8.689     7.240   -56.796    28.758    22.476    0.197     978911.265  0.109     291.60      1.078
   30   0.312   -17.751     8.988     7.474   -56.790    28.755    22.372    0.196     978302.964  0.109     291.60      1.078
   31   0.323   -18.342     9.287     7.706   -56.784    28.752    22.268    0.196     977696.903  0.109     291.60      1.078
   32   0.333   -18.933     9.587     7.937   -56.779    28.749    22.164    0.196     977093.083  0.109     291.60      1.078
   33   0.343   -19.524     9.886     8.167   -56.773    28.746    22.059    0.196     976491.506  0.109     291.60      1.077
   34   0.354   -20.114    10.185     8.396   -56.767    28.744    21.955    0.196     975892.176  0.109     291.60      1.077
   35   0.364   -20.705    10.484     8.624   -56.761    28.741    21.851    0.196     975295.093  0.109     291.59      1.077
   36   0.375   -21.295    10.783     8.851   -56.756    28.738    21.747    0.196     974700.261  0.109     291.59      1.077
   37   0.385   -21.886    11.082     9.077   -56.750    28.735    21.643    0.196     974107.681  0.109     291.59      1.077
   38   0.395   -22.476    11.381     9.302   -56.744    28.732    21.539    0.195     973517.357  0.109     291.59      1.077
   39   0.406   -23.066    11.679     9.525   -56.738    28.729    21.434    0.195     972929.289  0.109     291.59      1.077
   40   0.416   -23.657    11.978     9.748   -56.733    28.726    21.330    0.195     972343.481  0.109     291.59      1.077
   41   0.427   -24.247    12.277     9.969   -56.727    28.723    21.226    0.195     971759.934  0.109     291.59      1.077
   42   0.437   -24.837    12.576    10.190   -56.721    28.720    21.122    0.195     971178.651  0.109     291.58      1.077
   43   0.447   -25.427    12.875    10.409   -56.716    28.717    21.018    0.195     970599.634  0.109     291.58      1.077
   44   0.458   -26.017    13.173    10.627   -56.710    28.715    20.914    0.195     970022.885  0.109     291.58      1.077
   45   0.468   -26.607    13.472    10.844   -56.704    28.712    20.810    0.195     969448.406  0.109     291.58      1.077
   46   0.479   -27.197    13.771    11.060   -56.699    28.709    20.706    0.195     968876.200  0.109     291.58      1.077
   47   0.489   -27.787    14.070    11.275   -56.693    28.706    20.602    0.194     968306.269  0.109     291.58      1.077
   48   0.499   -28.376    14.368    11.489   -56.687    28.703    20.498    0.194     967738.614  0.109     291.58      1.077
   49   0.510   -28.966    14.667    11.702   -56.682    28.700    20.394    0.194     967173.239  0.109     291.57      1.077
   50   0.520   -29.556    14.965    11.914   -56.676    28.697    20.290    0.194     966610.145  0.109     291.57      1.077
   51   0.531   -30.145    15.264    12.124   -56.670    28.695    20.186    0.194     966049.334  0.108     291.57      1.077
   52   0.541   -30.735    15.562    12.334   -56.665    28.692    20.082    0.194     965490.809  0.108     291.57      1.077
   53   0.551   -31.324    15.861    12.542   -56.659    28.689    19.978    0.194     964934.572  0.108     291.57      1.077
   54   0.562   -31.914    16.159    12.750   -56.653    28.686    19.874    0.194     964380.624  0.108     291.57      1.077
   55   0.572   -32.503    16.458    12.956   -56.648    28.683    19.770    0.194     963828.969  0.108     291.57      1.077
   56   0.583   -33.092    16.756    13.161   -56.642    28.680    19.666    0.194     963279.608  0.108     291.56      1.077
   57   0.593   -33.682    17.054    13.365   -56.636    28.677    19.562    0.193     962732.544  0.108     291.56      1.077
   58   0.603   -34.271    17.353    13.568   -56.631    28.675    19.458    0.193     962187.777  0.108     291.56      1.077
   59   0.614   -34.860    17.651    13.770   -56.625    28.672    19.354    0.193     961645.312  0.108     291.56      1.077
   60   0.624   -35.449    17.949    13.971   -56.620    28.669    19.250    0.193     961105.149  0.108     291.56      1.077
   61   0.635   -36.038    18.248    14.171   -56.614    28.666    19.146    0.193     960567.291  0.108     291.56      1.077
   62   0.645   -36.627    18.546    14.370   -56.608    28.663    19.042    0.193     960031.740  0.108     291.56      1.077
   63   0.655   -37.216    18.844    14.567   -56.603    28.660    18.939    0.193     959498.498  0.108     291.56      1.077
   64   0.666   -37.805    19.142    14.764   -56.597    28.658    18.835    0.193     958967.568  0.108     291.55      1.077
   65   0.676   -38.393    19.440    14.959   -56.592    28.655    18.731    0.193     958438.950  0.108     291.55      1.077
   66   0.687   -38.982    19.738    15.154   -56.586    28.652    18.627    0.192     957912.648  0.108     291.55      1.077
   67   0.697   -39.571    20.036    15.347   -56.580    28.649    18.523    0.192     957388.663  0.108     291.55      1.077
   68   0.707   -40.159    20.334    15.539   -56.575    28.646    18.419    0.192     956866.998  0.108     291.55      1.077
   69   0.718   -40.748    20.632    15.731   -56.569    28.643    18.316    0.192     956347.654  0.108     291.55      1.077
   70   0.728   -41.336    20.930    15.921   -56.564    28.641    18.212    0.192     955830.634  0.108     291.55      1.077
   71   0.739   -41.925    21.228    16.110   -56.558    28.638    18.108    0.192     955315.940  0.108     291.55      1.077
   72   0.749   -42.513    21.526    16.298   -56.553    28.635    18.004    0.192     954803.573  0.108     291.54      1.077
   73   0.759   -43.102    21.824    16.485   -56.547    28.632    17.901    0.192     954293.536  0.108     291.54      1.077
   74   0.770   -43.690    22.122    16.670   -56.542    28.629    17.797    0.192     953785.831  0.108     291.54      1.077
   75   0.780   -44.278    22.420    16.855   -56.536    28.627    17.693    0.192     953280.460  0.108     291.54      1.077
   76   0.791   -44.866    22.718    17.039   -56.531    28.624    17.590    0.191     952777.424  0.108     291.54      1.077
   77   0.801   -45.454    23.015    17.221   -56.525    28.621    17.486    0.191     952276.726  0.108     291.54      1.077
   78   0.811   -46.042    23.313    17.403   -56.519    28.618    17.382    0.191     951778.368  0.108     291.54      1.077
   79   0.822   -46.630    23.611    17.583   -56.514    28.615    17.278    0.191     951282.352  0.108     291.54      1.077
   80   0.832   -47.218    23.909    17.762   -56.508    28.613    17.175    0.191     950788.680  0.108     291.53      1.076
   81   0.843   -47.806    24.206    17.941   -56.503    28.610    17.071    0.191     950297.353  0.108     291.53      1.076
   82   0.853   -48.394    24.504    18.118   -56.497    28.607    16.968    0.191     949808.374  0.108     291.53      1.076
   83   0.863   -48.981    24.801    18.294   -56.492    28.604    16.864    0.191     949321.745  0.108     291.53      1.076
   84   0.874   -49.569    25.099    18.469   -56.486    28.601    16.760    0.191     948837.467  0.108     291.53      1.076
   85   0.884   -50.157    25.396    18.643   -56.481    28.599    16.657    0.191     948355.543  0.108     291.53      1.076
   86   0.895   -50.744    25.694    18.815   -56.475    28.596    16.553    0.191     947875.975  0.108     291.53      1.076
   87   0.905   -51.332    25.991    18.987   -56.470    28.593    16.450    0.190     947398.763  0.108     291.53      1.076
   88   0.915   -51.919    26.289    19.158   -56.465    28.590    16.346    0.190     946923.912  0.108     291.53      1.076
   89   0.926   -52.507    26.586    19.328   -56.459    28.588    16.242    0.190     946451.421  0.108     291.52      1.076
   90   0.936   -53.094    26.884    19.496   -56.454    28.585    16.139    0.190     945981.294  0.108     291.52      1.076
   91   0.947   -53.681    27.181    19.663   -56.448    28.582    16.035    0.190     945513.532  0.108     291.52      1.076
   92   0.957   -54.269    27.478    19.830   -56.443    28.579    15.932    0.190     945048.136  0.108     291.52      1.076
   93   0.968   -54.856    27.776    19.995   -56.437    28.577    15.828    0.190     944585.110  0.108     291.52      1.076
   94   0.978   -55.443    28.073    20.159   -56.432    28.574    15.725    0.190     944124.454  0.108     291.52      1.076
   95   0.988   -56.030    28.370    20.323   -56.426    28.571    15.621    0.190     943666.171  0.107     291.52      1.076
   96   0.999   -56.617    28.667    20.485   -56.421    28.568    15.518    0.190     943210.262  0.107     291.52      1.076
   97   1.009   -57.204    28.965    20.646   -56.415    28.566    15.414    0.190     942756.730  0.107     291.52      1.076
   98   1.020   -57.791    29.262    20.805   -56.410    28.563    15.311    0.189     942305.575  0.107     291.51      1.076
   99   1.030   -58.377    29.559    20.964   -56.405    28.560    15.207    0.189     941856.801  0.107     291.51      1.076
  100   1.040   -58.964    29.856    21.122   -56.399    28.557    15.104    0.189     941410.408  0.107     291.51      1.076
  101   1.051   -59.551    30.153    21.279   -56.394    28.555    15.001    0.189     940966.398  0.107     291.51      1.076
  102   1.061   -60.138    30.450    21.434   -56.388    28.552    14.897    0.189     940524.774  0.107     291.51      1.076
  103   1.072   -60.724    30.747    21.589   -56.383    28.549    14.794    0.189     940085.537  0.107     291.51      1.076
  104   1.082   -61.311    31.044    21.742   -56.378    28.546    14.690    0.189     939648.689  0.107     291.51      1.076
  105   1.092   -61.897    31.341    21.895   -56.372    28.544    14.587    0.189     939214.232  0.107     291.51      1.076
  106   1.103   -62.484    31.638    22.046   -56.367    28.541    14.484    0.189     938782.167  0.107     291.51      1.076
  107   1.113   -63.070    31.935    22.196   -56.361    28.538    14.380    0.189     938352.496  0.107     291.51      1.076
  108   1.124   -63.656    32.232    22.345   -56.356    28.535    14.277    0.189     937925.221  0.107     291.50      1.076
  109   1.134   -64.243    32.529    22.494   -56.351    28.533    14.174    0.188     937500.343  0.107     291.50      1.076
  110   1.144   -64.829    32.826    22.641   -56.345    28.530    14.070    0.188     937077.865  0.107     291.50      1.076
  111   1.155   -65.415    33.122    22.786   -56.340    28.527    13.967    0.188     936657.787  0.107     291.50      1.076
  112   1.165   -66.001    33.419    22.931   -56.334    28.524    13.864    0.188     936240.113  0.107     291.50      1.076
  113   1.176   -66.587    33.716    23.075   -56.329    28.522    13.760    0.188     935824.843  0.107     291.50      1.076
  114   1.186   -67.173    34.013    23.218   -56.324    28.519    13.657    0.188     935411.979  0.107     291.50      1.076
  115   1.196   -67.759    34.309    23.359   -56.318    28.516    13.554    0.188     935001.522  0.107     291.50      1.076
  116   1.207   -68.345    34.606    23.500   -56.313    28.514    13.451    0.188     934593.475  0.107     291.50      1.076
  117   1.217   -68.931    34.903    23.639   -56.308    28.511    13.347    0.188     934187.839  0.107     291.50      1.076
  118   1.228   -69.516    35.199    23.778   -56.302    28.508    13.244    0.188     933784.616  0.107     291.50      1.076
  119   1.238   -70.102    35.496    23.915   -56.297    28.505    13.141    0.188     933383.806  0.107     291.49      1.076
  120   1.248   -70.688    35.792    24.051   -56.292    28.503    13.038    0.188     932985.413  0.107     291.49      1.076
  121   1.259   -71.273    36.089    24.187   -56.286    28.500    12.934    0.188     932589.437  0.107     291.49      1.076
  122   1.269   -71.859    36.385    24.321   -56.281    28.497    12.831    0.187     932195.880  0.107     291.49      1.076
  123   1.280   -72.444    36.682    24.454   -56.276    28.495    12.728    0.187     931804.744  0.107     291.49      1.076
  124   1.290   -73.030    36.978    24.586   -56.270    28.492    12.625    0.187     931416.030  0.107     291.49      1.076
  125   1.300   -73.615    37.275    24.717   -56.265    28.489    12.522    0.187     931029.739  0.107     291.49      1.076
  126   1.311   -74.201    37.571    24.846   -56.260    28.487    12.418    0.187     930645.874  0.107     291.49      1.076
  127   1.321   -74.786    37.867    24.975   -56.254    28.484    12.315    0.187     930264.436  0.107     291.49      1.076
  128   1.332   -75.371    38.164    25.103   -56.249    28.481    12.212    0.187     929885.426  0.107     291.49      1.076
  129   1.342   -75.956    38.460    25.229   -56.244    28.478    12.109    0.187     929508.846  0.107     291.49      1.076
  130   1.352   -76.541    38.756    25.355   -56.238    28.476    12.006    0.187     929134.697  0.107     291.49      1.076
  131   1.363   -77.126    39.052    25.479   -56.233    28.473    11.903    0.187     928762.981  0.107     291.48      1.076
  132   1.373   -77.711    39.349    25.603   -56.228    28.470    11.800    0.187     928393.699  0.107     291.48      1.076
  133   1.384   -78.296    39.645    25.725   -56.222    28.468    11.697    0.187     928026.852  0.107     291.48      1.076
  134   1.394   -78.881    39.941    25.846   -56.217    28.465    11.594    0.187     927662.443  0.107     291.48      1.076
  135   1.404   -79.466    40.237    25.967   -56.212    28.462    11.490    0.186     927300.473  0.107     291.48      1.076
  136   1.415   -80.051    40.533    26.086   -56.206    28.460    11.387    0.186     926940.942  0.107     291.48      1.076
  137   1.425   -80.635    40.829    26.204   -56.201    28.457    11.284    0.186     926583.853  0.107     291.48      1.076
  138   1.436   -81.220    41.125    26.321   -56.196    28.454    11.181    0.186     926229.207  0.107     291.48      1.076
  139   1.446   -81.805    41.421    26.436   -56.191    28.452    11.078    0.186     925877.005  0.107     291.48      1.076
  140   1.456   -82.389    41.717    26.551   -56.185    28.449    10.975    0.186     925527.248  0.107     291.48      1.076
  141   1.467   -82.974    42.013    26.665   -56.180    28.446    10.872    0.186     925179.939  0.107     291.48      1.076
  142   1.477   -83.558    42.309    26.778   -56.175    28.444    10.769    0.186     924835.077  0.107     291.48      1.076
  143   1.488   -84.143    42.605    26.889   -56.170    28.441    10.666    0.186     924492.665  0.107     291.48      1.076
  144   1.498   -84.727    42.901    27.000   -56.164    28.438    10.563    0.186     924152.704  0.107     291.47      1.076
  145   1.508   -85.311    43.197    27.109   -56.159    28.436    10.460    0.186     923815.196  0.107     291.47      1.076
  146   1.519   -85.895    43.492    27.218   -56.154    28.433    10.357    0.186     923480.140  0.107     291.47      1.076
  147   1.529   -86.479    43.788    27.325   -56.149    28.430    10.255    0.186     923147.540  0.107     291.47      1.076
  148   1.540   -87.064    44.084    27.431   -56.143    28.428    10.152    0.186     922817.395  0.107     291.47      1.076
  149   1.550   -87.648    44.380    27.536   -56.138    28.425    10.049    0.186     922489.708  0.106     291.47      1.075
  150   1.560   -88.232    44.675    27.640   -56.133    28.422     9.946    0.185     922164.480  0.106     291.47      1.075
  151   1.571   -88.816    44.971    27.743   -56.128    28.420     9.843    0.185     921841.711  0.106     291.47      1.075
  152   1.581   -89.399    45.267    27.845   -56.122    28.417     9.740    0.185     921521.403  0.106     291.47      1.075
  153   1.592   -89.983    45.562    27.946   -56.117    28.414     9.637    0.185     921203.557  0.106     291.47      1.075
  154   1.602   -90.567    45.858    28.046   -56.112    28.412     9.534    0.185     920888.175  0.106     291.47      1.075
  155   1.613   -91.151    46.153    28.145   -56.107    28.409     9.431    0.185     920575.257  0.106     291.47      1.075
  156   1.623   -91.734    46.449    28.242   -56.101    28.407     9.328    0.185     920264.805  0.106     291.47      1.075
  157   1.633   -92.318    46.745    28.339   -56.096    28.404     9.226    0.185     919956.820  0.106     291.47      1.075
  158   1.644   -92.902    47.040    28.435   -56.091    28.401     9.123    0.185     919651.302  0.106     291.47      1.075
  159   1.654   -93.485    47.335    28.529   -56.086    28.399     9.020    0.185     919348.254  0.106     291.46      1.075
  160   1.665   -94.069    47.631    28.622   -56.081    28.396     8.917    0.185     919047.676  0.106     291.46      1.075
  161   1.675   -94.652    47.926    28.715   -56.075    28.393     8.814    0.185     918749.569  0.106     291.46      1.075
  162   1.685   -95.235    48.222    28.806   -56.070    28.391     8.712    0.185     918453.934  0.106     291.46      1.075
  163   1.696   -95.819    48.517    28.896   -56.065    28.388     8.609    0.185     918160.773  0.106     291.46      1.075
  164   1.706   -96.402    48.812    28.985   -56.060    28.385     8.506    0.185     917870.086  0.106     291.46      1.075
  165   1.717   -96.985    49.108    29.073   -56.055    28.383     8.403    0.185     917581.875  0.106     291.46      1.075
  166   1.727   -97.568    49.403    29.160   -56.049    28.380     8.301    0.185     917296.140  0.106     291.46      1.075
  167   1.737   -98.151    49.698    29.246   -56.044    28.378     8.198    0.184     917012.883  0.106     291.46      1.075
  168   1.748   -98.734    49.993    29.331   -56.039    28.375     8.095    0.184     916732.104  0.106     291.46      1.075
  169   1.758   -99.317    50.289    29.415   -56.034    28.372     7.992    0.184     916453.805  0.106     291.46      1.075
  170   1.769   -99.900    50.584    29.498   -56.029    28.370     7.890    0.184     916177.986  0.106     291.46      1.075
  171   1.779  -100.483    50.879    29.579   -56.023    28.367     7.787    0.184     915904.648  0.106     291.46      1.075
  172   1.789  -101.066    51.174    29.660   -56.018    28.364     7.684    0.184     915633.793  0.106     291.46      1.075
  173   1.800  -101.649    51.469    29.739   -56.013    28.362     7.582    0.184     915365.420  0.106     291.46      1.075
  174   1.810  -102.231    51.764    29.818   -56.008    28.359     7.479    0.184     915099.532  0.106     291.46      1.075
  175   1.821  -102.814    52.059    29.895   -56.003    28.357     7.376    0.184     914836.129  0.106     291.46      1.075
  176   1.831  -103.397    52.354    29.971   -55.998    28.354     7.274    0.184     914575.212  0.106     291.46      1.075
  177   1.841  -103.979    52.649    30.047   -55.992    28.351     7.171    0.184     914316.781  0.106     291.45      1.075
  178   1.852  -104.562    52.944    30.121   -55.987    28.349     7.068    0.184     914060.838  0.106     291.45      1.075
  179   1.862  -105.144    53.239    30.194   -55.982    28.346     6.966    0.184     913807.383  0.106     291.45      1.075
  180   1.873  -105.726    53.534    30.266   -55.977    28.343     6.863    0.184     913556.417  0.106     291.45      1.075
  181   1.883  -106.309    53.829    30.337   -55.972    28.341     6.760    0.184     913307.941  0.106     291.45      1.075
  182   1.893  -106.891    54.123    30.407   -55.967    28.338     6.658    0.184     913061.956  0.106     291.45      1.075
  183   1.904  -107.473    54.418    30.476   -55.961    28.336     6.555    0.184     912818.463  0.106     291.45      1.075
  184   1.914  -108.055    54.713    30.543   -55.956    28.333     6.453    0.184     912577.461  0.106     291.45      1.075
  185   1.925  -108.637    55.008    30.610   -55.951    28.330     6.350    0.184     912338.953  0.106     291.45      1.075
  186   1.935  -109.219    55.302    30.676   -55.946    28.328     6.248    0.184     912102.938  0.106     291.45      1.075
  187   1.945  -109.801    55.597    30.740   -55.941    28.325     6.145    0.183     911869.418  0.106     291.45      1.075
  188   1.956  -110.383    55.892    30.804   -55.936    28.323     6.042    0.183     911638.392  0.106     291.45      1.075
  189   1.966  -110.965    56.186    30.866   -55.931    28.320     5.940    0.183     911409.863  0.106     291.45      1.075
  190   1.977  -111.547    56.481    30.927   -55.925    28.317     5.837    0.183     911183.829  0.106     291.45      1.075
  191   1.987  -112.129    56.776    30.988   -55.920    28.315     5.735    0.183     910960.293  0.106     291.45      1.075
  192   1.997  -112.711    57.070    31.047   -55.915    28.312     5.632    0.183     910739.254  0.106     291.45      1.075
  193   2.008  -113.292    57.365    31.105   -55.910    28.310     5.530    0.183     910520.714  0.106     291.45      1.075
  194   2.018  -113.874    57.659    31.162   -55.905    28.307     5.427    0.183     910304.672  0.106     291.45      1.075
  195   2.029  -114.456    57.954    31.218   -55.900    28.304     5.325    0.183     910091.129  0.106     291.45      1.075
  196   2.039  -115.037    58.248    31.273   -55.895    28.302     5.222    0.183     909880.087  0.106     291.45      1.075
  197   2.049  -115.619    58.543    31.327   -55.890    28.299     5.120    0.183     909671.545  0.106     291.45      1.075
  198   2.060  -116.200    58.837    31.380   -55.884    28.297     5.018    0.183     909465.504  0.106     291.45      1.075
  199   2.070  -116.781    59.131    31.432   -55.879    28.294     4.915    0.183     909261.964  0.106     291.45      1.075
  200   2.081  -117.363    59.426    31.482   -55.874    28.291     4.813    0.183     909060.926  0.106     291.45      1.075
  201   2.091  -117.944    59.720    31.532   -55.869    28.289     4.710    0.183     908862.391  0.106     291.45      1.075
  202   2.101  -118.525    60.014    31.580   -55.864    28.286     4.608    0.183     908666.359  0.106     291.44      1.075
  203   2.112  -119.106    60.308    31.628   -55.859    28.284     4.506    0.183     908472.830  0.106     291.44      1.075
  204   2.122  -119.687    60.603    31.674   -55.854    28.281     4.403    0.183     908281.804  0.106     291.44      1.075
  205   2.133  -120.268    60.897    31.720   -55.849    28.279     4.301    0.183     908093.283  0.106     291.44      1.075
  206   2.143  -120.849    61.191    31.764   -55.844    28.276     4.198    0.183     907907.267  0.106     291.44      1.075
  207   2.153  -121.430    61.485    31.807   -55.838    28.273     4.096    0.183     907723.755  0.106     291.44      1.075
  208   2.164  -122.011    61.779    31.849   -55.833    28.271     3.994    0.183     907542.749  0.106     291.44      1.075
  209   2.174  -122.592    62.073    31.890   -55.828    28.268     3.891    0.183     907364.248  0.106     291.44      1.075
  210   2.185  -123.173    62.368    31.931   -55.823    28.266     3.789    0.183     907188.253  0.106     291.44      1.075
  211   2.195  -123.753    62.662    31.970   -55.818    28.263     3.687    0.183     907014.764  0.106     291.44      1.075
  212   2.205  -124.334    62.956    32.007   -55.813    28.260     3.584    0.182     906843.782  0.106     291.44      1.075
  213   2.216  -124.915    63.250    32.044   -55.808    28.258     3.482    0.182     906675.307  0.106     291.44      1.075
  214   2.226  -125.495    63.544    32.080   -55.803    28.255     3.380    0.182     906509.338  0.106     291.44      1.075
  215   2.237  -126.076    63.837    32.115   -55.798    28.253     3.278    0.182     906345.877  0.106     291.44      1.075
  216   2.247  -126.656    64.131    32.148   -55.793    28.250     3.175    0.182     906184.924  0.106     291.44      1.075
  217   2.258  -127.237    64.425    32.181   -55.788    28.248     3.073    0.182     906026.478  0.106     291.44      1.075
  218   2.268  -127.817    64.719    32.213   -55.782    28.245     2.971    0.182     905870.540  0.106     291.44      1.075
  219   2.278  -128.397    65.013    32.243   -55.777    28.242     2.868    0.182     905717.110  0.106     291.44      1.075
  220   2.289  -128.978    65.307    32.272   -55.772    28.240     2.766    0.182     905566.188  0.106     291.44      1.075
  221   2.299  -129.558    65.601    32.301   -55.767    28.237     2.664    0.182     905417.775  0.106     291.44      1.075
  222   2.310  -130.138    65.894    32.328   -55.762    28.235     2.562    0.182     905271.870  0.106     291.44      1.075
  223   2.320  -130.718    66.188    32.354   -55.757    28.232     2.460    0.182     905128.474  0.106     291.44      1.075
  224   2.330  -131.298    66.482    32.379   -55.752    28.230     2.357    0.182     904987.586  0.106     291.44      1.075
  225   2.341  -131.878    66.775    32.403   -55.747    28.227     2.255    0.182     904849.207  0.106     291.44      1.075
  226   2.351  -132.458    67.069    32.426   -55.742    28.224     2.153    0.182     904713.337  0.106     291.44      1.075
  227   2.362  -133.038    67.363    32.448   -55.737    28.222     2.051    0.182     904579.975  0.106     291.44      1.075
  228   2.372  -133.618    67.656    32.469   -55.732    28.219     1.949    0.182     904449.122  0.106     291.44      1.075
  229   2.382  -134.197    67.950    32.489   -55.727    28.217     1.847    0.182     904320.779  0.106     291.44      1.075
  230   2.393  -134.777    68.243    32.508   -55.722    28.214     1.744    0.182     904194.943  0.106     291.44      1.075
  231   2.403  -135.357    68.537    32.526   -55.717    28.212     1.642    0.182     904071.617  0.106     291.44      1.075
  232   2.414  -135.936    68.830    32.542   -55.712    28.209     1.540    0.182     903950.799  0.106     291.44      1.075
  233   2.424  -136.516    69.124    32.558   -55.706    28.207     1.438    0.182     903832.490  0.106     291.44      1.075
  234   2.434  -137.095    69.417    32.572   -55.701    28.204     1.336    0.182     903716.689  0.106     291.44      1.075
  235   2.445  -137.675    69.711    32.586   -55.696    28.201     1.234    0.182     903603.397  0.106     291.44      1.075
  236   2.455  -138.254    70.004    32.598   -55.691    28.199     1.132    0.182     903492.613  0.106     291.44      1.075
  237   2.466  -138.834    70.297    32.610   -55.686    28.196     1.030    0.182     903384.337  0.106     291.44      1.075
  238   2.476  -139.413    70.591    32.620   -55.681    28.194     0.928    0.182     903278.569  0.106     291.44      1.075
  239   2.486  -139.992    70.884    32.629   -55.676    28.191     0.826    0.182     903175.309  0.106     291.44      1.075
  240   2.497  -140.571    71.177    32.637   -55.671    28.189     0.724    0.182     903074.556  0.106     291.44      1.075
  241   2.507  -141.151    71.470    32.644   -55.666    28.186     0.621    0.182     902976.311  0.106     291.44      1.075
  242   2.518  -141.730    71.764    32.650   -55.661    28.184     0.519    0.182     902880.572  0.106     291.44      1.075
  243   2.528  -142.309    72.057    32.655   -55.656    28.181     0.417    0.182     902787.341  0.106     291.44      1.075
  244   2.538  -142.888    72.350    32.659   -55.651    28.178     0.315    0.182     902696.616  0.106     291.44      1.075
  245   2.549  -143.467    72.643    32.662   -55.646    28.176     0.213    0.182     902608.398  0.106     291.44      1.075
  246   2.559  -144.045    72.936    32.664   -55.641    28.173     0.111    0.182     902522.685  0.106     291.44      1.075
  247   2.570  -144.624    73.229    32.664   -55.636    28.171     0.009    0.182     902439.478  0.106     291.44      1.075
  248   2.580  -145.203    73.522    32.664   -55.631    28.168    -0.093    0.182     902358.777  0.106     291.44      1.075
  249   2.590  -145.782    73.815    32.663   -55.626    28.166    -0.195    0.182     902280.580  0.106     291.44      1.075
  250   2.601  -146.360    74.108    32.660   -55.621    28.163    -0.296    0.182     902204.888  0.106     291.44      1.075
  251   2.611  -146.939    74.401    32.657   -55.616    28.161    -0.398    0.182     902131.701  0.106     291.44      1.075
  252   2.622  -147.518    74.694    32.652   -55.611    28.158    -0.500    0.182     902061.017  0.106     291.44      1.075
  253   2.632  -148.096    74.987    32.646   -55.606    28.155    -0.602    0.182     901992.836  0.106     291.44      1.075
  254   2.642  -148.675    75.280    32.640   -55.601    28.153    -0.704    0.181     901927.158  0.106     291.44      1.075
  255   2.653  -149.253    75.573    32.632   -55.596    28.150    -0.806    0.181     901863.983  0.106     291.44      1.075
  256   2.663  -149.831    75.866    32.623   -55.591    28.148    -0.908    0.181     901803.310  0.106     291.44      1.075
  257   2.674  -150.410    76.159    32.613   -55.586    28.145    -1.010    0.181     901745.138  0.106     291.44      1.075
  258   2.684  -150.988    76.452    32.602   -55.580    28.143    -1.112    0.181     901689.467  0.106     291.44      1.075
  259   2.694  -151.566    76.744    32.590   -55.575    28.140    -1.214    0.181     901636.296  0.106     291.44      1.075
  260   2.705  -152.144    77.037    32.577   -55.570    28.138    -1.316    0.181     901585.625  0.106     291.44      1.075
  261   2.715  -152.722    77.330    32.563   -55.565    28.135    -1.417    0.181     901537.454  0.105     291.44      1.075
  262   2.726  -153.300    77.622    32.548   -55.560    28.133    -1.519    0.181     901491.781  0.105     291.44      1.075
  263   2.736  -153.878    77.915    32.532   -55.555    28.130    -1.621    0.181     901448.606  0.105     291.44      1.075
  264   2.746  -154.456    78.208    32.514   -55.550    28.127    -1.723    0.181     901407.929  0.105     291.44      1.075
  265   2.757  -155.034    78.500    32.496   -55.545    28.125    -1.825    0.181     901369.748  0.105     291.44      1.075
  266   2.767  -155.612    78.793    32.477   -55.540    28.122    -1.927    0.181     901334.064  0.105     291.44      1.075
  267   2.778  -156.190    79.085    32.456   -55.535    28.120    -2.028    0.181     901300.875  0.105     291.44      1.075
  268   2.788  -156.768    79.378    32.435   -55.530    28.117    -2.130    0.181     901270.180  0.105     291.44      1.075
  269   2.798  -157.345    79.671    32.412   -55.525    28.115    -2.232    0.181     901241.980  0.105     291.44      1.075
  270   2.809  -157.923    79.963    32.388   -55.520    28.112    -2.334    0.181     901216.273  0.105     291.44      1.075
  271   2.819  -158.500    80.255    32.364   -55.515    28.110    -2.435    0.181     901193.058  0.105     291.44      1.075
  272   2.830  -159.078    80.548    32.338   -55.510    28.107    -2.537    0.181     901172.336  0.105     291.44      1.075
  273   2.840  -159.655    80.840    32.311   -55.505    28.105    -2.639    0.181     901154.104  0.105     291.44      1.075
  274   2.850  -160.233    81.133    32.283   -55.500    28.102    -2.741    0.181     901138.362  0.105     291.44      1.075
  275   2.861  -160.810    81.425    32.254   -55.495    28.100    -2.842    0.181     901125.110  0.105     291.44      1.075
  276   2.871  -161.387    81.717    32.224   -55.490    28.097    -2.944    0.181     901114.346  0.105     291.44      1.075
  277   2.882  -161.965    82.010    32.193   -55.485    28.094    -3.046    0.181     901106.069  0.105     291.44      1.075
  278   2.892  -162.542    82.302    32.161   -55.480    28.092    -3.147    0.181     901100.280  0.105     291.44      1.075
  279   2.903  -163.119    82.594    32.128   -55.475    28.089    -3.249    0.181     901096.976  0.105     291.44      1.075
  280   2.913  -163.696    82.886    32.094   -55.470    28.087    -3.351    0.181     901096.157  0.105     291.44      1.075
  281   2.923  -164.273    83.178    32.058   -55.465    28.084    -3.453    0.181     901097.822  0.105     291.44      1.075
  282   2.934  -164.850    83.471    32.022   -55.460    28.082    -3.554    0.181     901101.970  0.105     291.44      1.075
  283   2.944  -165.427    83.763    31.984   -55.455    28.079    -3.656    0.181     901108.600  0.105     291.44      1.075
  284   2.955  -166.004    84.055    31.946   -55.450    28.077    -3.757    0.181     901117.712  0.105     291.44      1.075
  285   2.965  -166.581    84.347    31.906   -55.445    28.074    -3.859    0.181     901129.303  0.105     291.44      1.075
  286   2.975  -167.158    84.639    31.866   -55.440    28.072    -3.961    0.181     901143.373  0.105     291.44      1.075
  287   2.986  -167.734    84.931    31.824   -55.435    28.069    -4.062    0.181     901159.922  0.105     291.44      1.075
  288   2.996  -168.311    85.223    31.781   -55.430    28.067    -4.164    0.181     901178.947  0.105     291.44      1.075
  289   3.007  -168.888    85.515    31.738   -55.425    28.064    -4.266    0.181     901200.448  0.105     291.44      1.075
  290   3.017  -169.464    85.807    31.693   -55.420    28.061    -4.367    0.181     901224.424  0.105     291.44      1.075
  291   3.027  -170.041    86.099    31.647   -55.415    28.059    -4.469    0.181     901250.874  0.105     291.44      1.075
  292   3.038  -170.617    86.391    31.600   -55.410    28.056    -4.570    0.181     901279.796  0.105     291.44      1.075
  293   3.048  -171.194    86.683    31.552   -55.405    28.054    -4.672    0.181     901311.190  0.105     291.44      1.075
  294   3.059  -171.770    86.974    31.503   -55.400    28.051    -4.773    0.181     901345.053  0.105     291.45      1.075
  295   3.069  -172.346    87.266    31.453   -55.395    28.049    -4.875    0.181     901381.386  0.105     291.45      1.075
  296   3.079  -172.923    87.558    31.402   -55.390    28.046    -4.976    0.181     901420.187  0.105     291.45      1.075
  297   3.090  -173.499    87.850    31.350   -55.385    28.044    -5.078    0.181     901461.454  0.105     291.45      1.075
  298   3.100  -174.075    88.142    31.296   -55.380    28.041    -5.180    0.181     901505.187  0.105     291.45      1.075
  299   3.111  -174.651    88.433    31.242   -55.375    28.039    -5.281    0.181     901551.383  0.105     291.45      1.075
  300   3.121  -175.227    88.725    31.187   -55.370    28.036    -5.383    0.181     901600.043  0.106     291.45      1.075
  301   3.131  -175.803    89.017    31.130   -55.365    28.034    -5.484    0.181     901651.164  0.106     291.45      1.075
  302   3.142  -176.379    89.308    31.073   -55.360    28.031    -5.585    0.181     901704.745  0.106     291.45      1.075
  303   3.152  -176.955    89.600    31.014   -55.355    28.028    -5.687    0.181     901760.786  0.106     291.45      1.075
  304   3.163  -177.531    89.891    30.955   -55.350    28.026    -5.788    0.181     901819.284  0.106     291.45      1.075
  305   3.173  -178.107    90.183    30.894   -55.345    28.023    -5.890    0.181     901880.238  0.106     291.45      1.075
  306   3.183  -178.683    90.474    30.832   -55.340    28.021    -5.991    0.181     901943.647  0.106     291.45      1.075
  307   3.194  -179.258    90.766    30.769   -55.335    28.018    -6.093    0.181     902009.510  0.106     291.45      1.075
  308   3.204  -179.834    91.057    30.706   -55.330    28.016    -6.194    0.181     902077.824  0.106     291.45      1.075
  309   3.215  -180.409    91.349    30.641   -55.325    28.013    -6.296    0.182     902148.589  0.106     291.45      1.075
  310   3.225  -180.985    91.640    30.575   -55.320    28.011    -6.397    0.182     902221.804  0.106     291.45      1.075
  311   3.235  -181.560    91.932    30.508   -55.315    28.008    -6.498    0.182     902297.466  0.106     291.45      1.075
  312   3.246  -182.136    92.223    30.440   -55.310    28.006    -6.600    0.182     902375.575  0.106     291.45      1.075
  313   3.256  -182.711    92.514    30.371   -55.305    28.003    -6.701    0.182     902456.128  0.106     291.45      1.075
  314   3.267  -183.287    92.806    30.301   -55.300    28.001    -6.803    0.182     902539.124  0.106     291.45      1.075
  315   3.277  -183.862    93.097    30.229   -55.295    27.998    -6.904    0.182     902624.562  0.106     291.45      1.075
  316   3.287  -184.437    93.388    30.157   -55.290    27.996    -7.005    0.182     902712.441  0.106     291.45      1.075
  317   3.298  -185.012    93.680    30.084   -55.285    27.993    -7.107    0.182     902802.757  0.106     291.45      1.075
  318   3.308  -185.587    93.971    30.009   -55.280    27.990    -7.208    0.182     902895.511  0.106     291.45      1.075
  319   3.319  -186.163    94.262    29.934   -55.275    27.988    -7.309    0.182     902990.701  0.106     291.46      1.075
  320   3.329  -186.738    94.553    29.857   -55.270    27.985    -7.411    0.182     903088.324  0.106     291.46      1.075
  321   3.339  -187.312    94.844    29.780   -55.265    27.983    -7.512    0.182     903188.379  0.106     291.46      1.075
  322   3.350  -187.887    95.135    29.701   -55.260    27.980    -7.613    0.182     903290.865  0.106     291.46      1.075
  323   3.360  -188.462    95.426    29.622   -55.255    27.978    -7.714    0.182     903395.780  0.106     291.46      1.075
  324   3.371  -189.037    95.717    29.541   -55.250    27.975    -7.816    0.182     903503.122  0.106     291.46      1.075
  325   3.381  -189.612    96.008    29.459   -55.245    27.973    -7.917    0.182     903612.889  0.106     291.46      1.075
  326   3.391  -190.187    96.299    29.376   -55.240    27.970    -8.018    0.182     903725.080  0.106     291.46      1.075
  327   3.402  -190.761    96.590    29.293   -55.235    27.968    -8.119    0.182     903839.694  0.106     291.46      1.075
  328   3.412  -191.336    96.881    29.208   -55.230    27.965    -8.221    0.182     903956.727  0.106     291.46      1.075
  329   3.423  -191.910    97.172    29.122   -55.225    27.963    -8.322    0.182     904076.179  0.106     291.46      1.075
  330   3.433  -192.485    97.463    29.035   -55.220    27.960    -8.423    0.182     904198.048  0.106     291.46      1.075
  331   3.443  -193.059    97.754    28.947   -55.215    27.957    -8.524    0.182     904322.332  0.106     291.46      1.075
  332   3.454  -193.634    98.045    28.858   -55.210    27.955    -8.626    0.182     904449.029  0.106     291.46      1.075
  333   3.464  -194.208    98.336    28.767   -55.205    27.952    -8.727    0.182     904578.137  0.106     291.46      1.075
  334   3.475  -194.782    98.626    28.676   -55.200    27.950    -8.828    0.182     904709.654  0.106     291.46      1.075
  335   3.485  -195.357    98.917    28.584   -55.195    27.947    -8.929    0.182     904843.580  0.106     291.46      1.075
  336   3.496  -195.931    99.208    28.491   -55.190    27.945    -9.030    0.182     904979.910  0.106     291.46      1.075
  337   3.506  -196.505    99.499    28.396   -55.184    27.942    -9.131    0.182     905118.645  0.106     291.47      1.075
  338   3.516  -197.079    99.789    28.301   -55.179    27.940    -9.233    0.182     905259.782  0.106     291.47      1.075
  339   3.527  -197.653   100.080    28.204   -55.174    27.937    -9.334    0.182     905403.319  0.106     291.47      1.075
  340   3.537  -198.227   100.371    28.107   -55.169    27.935    -9.435    0.182     905549.253  0.106     291.47      1.075
  341   3.548  -198.801   100.661    28.008   -55.164    27.932    -9.536    0.182     905697.584  0.106     291.47      1.075
  342   3.558  -199.375   100.952    27.908   -55.159    27.930    -9.637    0.182     905848.309  0.106     291.47      1.075
  343   3.568  -199.949   101.242    27.808   -55.154    27.927    -9.738    0.182     906001.426  0.106     291.47      1.075
  344   3.579  -200.522   101.533    27.706   -55.149    27.924    -9.839    0.182     906156.933  0.106     291.47      1.075
  345   3.589  -201.096   101.823    27.603   -55.144    27.922    -9.940    0.182     906314.828  0.106     291.47      1.075
  346   3.600  -201.670   102.114    27.499   -55.139    27.919   -10.041    0.182     906475.109  0.106     291.47      1.076
  347   3.610  -202.243   102.404    27.394   -55.134    27.917   -10.142    0.182     906637.775  0.106     291.47      1.076
  348   3.620  -202.817   102.695    27.288   -55.129    27.914   -10.243    0.182     906802.822  0.106     291.47      1.076
  349   3.631  -203.390   102.985    27.181   -55.124    27.912   -10.344    0.182     906970.249  0.106     291.47      1.076
  350   3.641  -203.964   103.275    27.073   -55.119    27.909   -10.446    0.182     907140.054  0.106     291.47      1.076
  351   3.652  -204.537   103.566    26.964   -55.114    27.907   -10.547    0.182     907312.234  0.106     291.47      1.076
  352   3.662  -205.111   103.856    26.854   -55.109    27.904   -10.648    0.183     907486.788  0.106     291.48      1.076
  353   3.672  -205.684   104.146    26.743   -55.104    27.902   -10.749    0.183     907663.713  0.106     291.48      1.076
  354   3.683  -206.257   104.437    26.631   -55.099    27.899   -10.850    0.183     907843.008  0.106     291.48      1.076
  355   3.693  -206.830   104.727    26.517   -55.094    27.896   -10.951    0.183     908024.669  0.106     291.48      1.076
  356   3.704  -207.403   105.017    26.403   -55.089    27.894   -11.051    0.183     908208.696  0.106     291.48      1.076
  357   3.714  -207.976   105.307    26.288   -55.084    27.891   -11.152    0.183     908395.085  0.106     291.48      1.076
  358   3.724  -208.549   105.597    26.171   -55.079    27.889   -11.253    0.183     908583.834  0.106     291.48      1.076
  359   3.735  -209.122   105.888    26.054   -55.074    27.886   -11.354    0.183     908774.942  0.106     291.48      1.076
  360   3.745  -209.695   106.178    25.935   -55.069    27.884   -11.455    0.183     908968.405  0.106     291.48      1.076
  361   3.756  -210.268   106.468    25.815   -55.064    27.881   -11.556    0.183     909164.222  0.106     291.48      1.076
  362   3.766  -210.841   106.758    25.695   -55.059    27.879   -11.657    0.183     909362.391  0.106     291.48      1.076
  363   3.776  -211.414   107.048    25.573   -55.054    27.876   -11.758    0.183     909562.908  0.106     291.48      1.076
  364   3.787  -211.987   107.338    25.450   -55.049    27.873   -11.859    0.183     909765.773  0.106     291.48      1.076
  365   3.797  -212.559   107.628    25.327   -55.044    27.871   -11.960    0.183     909970.981  0.106     291.49      1.076
  366   3.808  -213.132   107.918    25.202   -55.039    27.868   -12.061    0.183     910178.532  0.106     291.49      1.076
  367   3.818  -213.704   108.208    25.076   -55.034    27.866   -12.162    0.183     910388.423  0.106     291.49      1.076
  368   3.828  -214.277   108.497    24.949   -55.029    27.863   -12.262    0.183     910600.651  0.106     291.49      1.076
  369   3.839  -214.849   108.787    24.821   -55.023    27.861   -12.363    0.183     910815.214  0.106     291.49      1.076
  370   3.849  -215.422   109.077    24.692   -55.018    27.858   -12.464    0.183     911032.110  0.106     291.49      1.076
  371   3.860  -215.994   109.367    24.562   -55.013    27.856   -12.565    0.183     911251.336  0.106     291.49      1.076
  372   3.870  -216.566   109.657    24.431   -55.008    27.853   -12.666    0.183     911472.890  0.106     291.49      1.076
  373   3.880  -217.139   109.946    24.298   -55.003    27.850   -12.767    0.183     911696.769  0.106     291.49      1.076
  374   3.891  -217.711   110.236    24.165   -54.998    27.848   -12.867    0.183     911922.971  0.106     291.49      1.076
  375   3.901  -218.283   110.526    24.031   -54.993    27.845   -12.968    0.183     912151.493  0.106     291.49      1.076
  376   3.912  -218.855   110.816    23.895   -54.988    27.843   -13.069    0.183     912382.334  0.106     291.49      1.076
  377   3.922  -219.427   111.105    23.759   -54.983    27.840   -13.170    0.183     912615.489  0.106     291.50      1.076
  378   3.932  -219.999   111.395    23.622   -54.978    27.838   -13.270    0.184     912850.958  0.106     291.50      1.076
  379   3.943  -220.571   111.684    23.483   -54.973    27.835   -13.371    0.184     913088.737  0.106     291.50      1.076
  380   3.953  -221.143   111.974    23.344   -54.968    27.833   -13.472    0.184     913328.825  0.106     291.50      1.076
  381   3.964  -221.715   112.264    23.203   -54.963    27.830   -13.573    0.184     913571.217  0.106     291.50      1.076
  382   3.974  -222.287   112.553    23.061   -54.958    27.827   -13.673    0.184     913815.912  0.106     291.50      1.076
  383   3.984  -222.858   112.843    22.919   -54.953    27.825   -13.774    0.184     914062.908  0.106     291.50      1.076
  384   3.995  -223.430   113.132    22.775   -54.948    27.822   -13.875    0.184     914312.201  0.106     291.50      1.076
  385   4.005  -224.002   113.421    22.630   -54.943    27.820   -13.976    0.184     914563.789  0.106     291.50      1.076
  386   4.016  -224.573   113.711    22.484   -54.937    27.817   -14.076    0.184     914817.670  0.106     291.50      1.076
  387   4.026  -225.145   114.000    22.337   -54.932    27.815   -14.177    0.184     915073.841  0.106     291.50      1.076
  388   4.036  -225.716   114.290    22.189   -54.927    27.812   -14.278    0.184     915332.298  0.106     291.51      1.076
  389   4.047  -226.287   114.579    22.041   -54.922    27.809   -14.378    0.184     915593.040  0.106     291.51      1.076
  390   4.057  -226.859   114.868    21.890   -54.917    27.807   -14.479    0.184     915856.065  0.106     291.51      1.076
  391   4.068  -227.430   115.157    21.739   -54.912    27.804   -14.579    0.184     916121.368  0.106     291.51      1.076
  392   4.078  -228.001   115.447    21.587   -54.907    27.802   -14.680    0.184     916388.948  0.106     291.51      1.076
  393   4.088  -228.573   115.736    21.434   -54.902    27.799   -14.781    0.184     916658.801  0.106     291.51      1.076
  394   4.099  -229.144   116.025    21.280   -54.897    27.797   -14.881    0.184     916930.926  0.106     291.51      1.076
  395   4.109  -229.715   116.314    21.125   -54.892    27.794   -14.982    0.184     917205.319  0.106     291.51      1.076
  396   4.120  -230.286   116.603    20.968   -54.887    27.791   -15.083    0.184     917481.977  0.106     291.51      1.076
  397   4.130  -230.857   116.892    20.811   -54.882    27.789   -15.183    0.184     917760.899  0.106     291.51      1.076
  398   4.141  -231.428   117.182    20.653   -54.877    27.786   -15.284    0.185     918042.080  0.106     291.52      1.076
  399   4.151  -231.999   117.471    20.493   -54.871    27.784   -15.384    0.185     918325.519  0.106     291.52      1.076
  400   4.161  -232.569   117.760    20.333   -54.866    27.781   -15.485    0.185     918611.212  0.106     291.52      1.076
  401   4.172  -233.140   118.049    20.171   -54.861    27.779   -15.585    0.185     918899.158  0.106     291.52      1.076
  402   4.182  -233.711   118.338    20.009   -54.856    27.776   -15.686    0.185     919189.352  0.106     291.52      1.076
  403   4.193  -234.282   118.627    19.845   -54.851    27.773   -15.786    0.185     919481.792  0.106     291.52      1.076
  404   4.203  -234.852   118.916    19.680   -54.846    27.771   -15.887    0.185     919776.475  0.106     291.52      1.076
  405   4.213  -235.423   119.204    19.515   -54.841    27.768   -15.987    0.185     920073.399  0.106     291.52      1.076
  406   4.224  -235.993   119.493    19.348   -54.836    27.766   -16.088    0.185     920372.561  0.106     291.52      1.076
  407   4.234  -236.564   119.782    19.180   -54.831    27.763   -16.188    0.185     920673.957  0.106     291.53      1.076
  408   4.245  -237.134   120.071    19.011   -54.826    27.760   -16.289    0.185     920977.585  0.106     291.53      1.076
  409   4.255  -237.704   120.360    18.841   -54.820    27.758   -16.389    0.185     921283.442  0.106     291.53      1.076
  410   4.265  -238.275   120.648    18.670   -54.815    27.755   -16.490    0.185     921591.525  0.106     291.53      1.076
  411   4.276  -238.845   120.937    18.498   -54.810    27.753   -16.590    0.185     921901.831  0.106     291.53      1.076
  412   4.286  -239.415   121.226    18.325   -54.805    27.750   -16.691    0.185     922214.357  0.106     291.53      1.076
  413   4.297  -239.985   121.515    18.151   -54.800    27.748   -16.791    0.185     922529.100  0.106     291.53      1.076
  414   4.307  -240.555   121.803    17.976   -54.795    27.745   -16.891    0.185     922846.058  0.107     291.53      1.076
  415   4.317  -241.125   122.092    17.800   -54.790    27.742   -16.992    0.186     923165.227  0.107     291.53      1.076
  416   4.328  -241.695   122.381    17.623   -54.785    27.740   -17.092    0.186     923486.605  0.107     291.54      1.077
  417   4.338  -242.265   122.669    17.445   -54.779    27.737   -17.192    0.186     923810.188  0.107     291.54      1.077
  418   4.349  -242.835   122.958    17.265   -54.774    27.735   -17.293    0.186     924135.973  0.107     291.54      1.077
  419   4.359  -243.405   123.246    17.085   -54.769    27.732   -17.393    0.186     924463.958  0.107     291.54      1.077
  420   4.369  -243.975   123.535    16.904   -54.764    27.729   -17.494    0.186     924794.139  0.107     291.54      1.077
  421   4.380  -244.544   123.823    16.721   -54.759    27.727   -17.594    0.186     925126.513  0.107     291.54      1.077
  422   4.390  -245.114   124.112    16.538   -54.754    27.724   -17.694    0.186     925461.078  0.107     291.54      1.077
  423   4.401  -245.684   124.400    16.353   -54.749    27.722   -17.795    0.186     925797.830  0.107     291.54      1.077
  424   4.411  -246.253   124.688    16.168   -54.743    27.719   -17.895    0.186     926136.767  0.107     291.54      1.077
  425   4.421  -246.823   124.977    15.981   -54.738    27.716   -17.995    0.186     926477.884  0.107     291.55      1.077
  426   4.432  -247.392   125.265    15.793   -54.733    27.714   -18.095    0.186     926821.180  0.107     291.55      1.077
  427   4.442  -247.961   125.553    15.605   -54.728    27.711   -18.196    0.186     927166.651  0.107     291.55      1.077
  428   4.453  -248.531   125.842    15.415   -54.723    27.709   -18.296    0.186     927514.293  0.107     291.55      1.077
  429   4.463  -249.100   126.130    15.224   -54.718    27.706   -18.396    0.186     927864.105  0.107     291.55      1.077
  430   4.473  -249.669   126.418    15.032   -54.713    27.703   -18.496    0.186     928216.082  0.107     291.55      1.077
  431   4.484  -250.238   126.706    14.840   -54.707    27.701   -18.597    0.187     928570.222  0.107     291.55      1.077
  432   4.494  -250.808   126.994    14.646   -54.702    27.698   -18.697    0.187     928926.521  0.107     291.55      1.077
  433   4.505  -251.377   127.283    14.451   -54.697    27.695   -18.797    0.187     929284.977  0.107     291.56      1.077
  434   4.515  -251.946   127.571    14.255   -54.692    27.693   -18.897    0.187     929645.586  0.107     291.56      1.077
  435   4.525  -252.515   127.859    14.058   -54.687    27.690   -18.997    0.187     930008.345  0.107     291.56      1.077
  436   4.536  -253.083   128.147    13.860   -54.682    27.688   -19.098    0.187     930373.251  0.107     291.56      1.077
  437   4.546  -253.652   128.435    13.661   -54.676    27.685   -19.198    0.187     930740.300  0.107     291.56      1.077
  438   4.557  -254.221   128.723    13.460   -54.671    27.682   -19.298    0.187     931109.490  0.107     291.56      1.077
  439   4.567  -254.790   129.011    13.259   -54.666    27.680   -19.398    0.187     931480.818  0.107     291.56      1.077
  440   4.577  -255.359   129.299    13.057   -54.661    27.677   -19.498    0.187     931854.279  0.107     291.57      1.077
  441   4.588  -255.927   129.587    12.854   -54.656    27.675   -19.598    0.187     932229.871  0.107     291.57      1.077
  442   4.598  -256.496   129.875    12.649   -54.651    27.672   -19.698    0.187     932607.591  0.107     291.57      1.077
  443   4.609  -257.064   130.162    12.444   -54.645    27.669   -19.799    0.187     932987.436  0.107     291.57      1.077
  444   4.619  -257.633   130.450    12.238   -54.640    27.667   -19.899    0.187     933369.402  0.107     291.57      1.077
  445   4.629  -258.201   130.738    12.030   -54.635    27.664   -19.999    0.188     933753.485  0.107     291.57      1.077
  446   4.640  -258.770   131.026    11.822   -54.630    27.661   -20.099    0.188     934139.684  0.107     291.57      1.077
  447   4.650  -259.338   131.314    11.612   -54.625    27.659   -20.199    0.188     934527.993  0.107     291.57      1.077
  448   4.661  -259.906   131.601    11.402   -54.619    27.656   -20.299    0.188     934918.411  0.107     291.58      1.077
  449   4.671  -260.474   131.889    11.190   -54.614    27.653   -20.399    0.188     935310.934  0.107     291.58      1.077
  450   4.681  -261.042   132.177    10.977   -54.609    27.651   -20.499    0.188     935705.559  0.107     291.58      1.077
  451   4.692  -261.611   132.464    10.764   -54.604    27.648   -20.599    0.188     936102.282  0.107     291.58      1.077
  452   4.702  -262.179   132.752    10.549   -54.599    27.646   -20.699    0.188     936501.099  0.107     291.58      1.077
  453   4.713  -262.747   133.040    10.333   -54.593    27.643   -20.799    0.188     936902.009  0.107     291.58      1.077
  454   4.723  -263.314   133.327    10.116   -54.588    27.640   -20.899    0.188     937305.007  0.107     291.58      1.077
  455   4.733  -263.882   133.615     9.898   -54.583    27.638   -20.999    0.188     937710.090  0.107     291.59      1.077
  456   4.744  -264.450   133.902     9.680   -54.578    27.635   -21.099    0.188     938117.255  0.107     291.59      1.077
  457   4.754  -265.018   134.190     9.460   -54.573    27.632   -21.199    0.188     938526.498  0.107     291.59      1.077
  458   4.765  -265.586   134.477     9.239   -54.567    27.630   -21.299    0.189     938937.816  0.107     291.59      1.077
  459   4.775  -266.153   134.765     9.017   -54.562    27.627   -21.399    0.189     939351.206  0.107     291.59      1.077
  460   4.786  -266.721   135.052     8.794   -54.557    27.624   -21.499    0.189     939766.664  0.107     291.59      1.077
  461   4.796  -267.288   135.339     8.569   -54.552    27.622   -21.599    0.189     940184.187  0.107     291.59      1.077
  462   4.806  -267.856   135.627     8.344   -54.546    27.619   -21.699    0.189     940603.772  0.107     291.60      1.077
  463   4.817  -268.423   135.914     8.118   -54.541    27.616   -21.798    0.189     941025.415  0.107     291.60      1.077
  464   4.827  -268.991   136.201     7.891   -54.536    27.614   -21.898    0.189     941449.113  0.107     291.60      1.078
  465   4.838  -269.558   136.489     7.663   -54.531    27.611   -21.998    0.189     941874.862  0.107     291.60      1.078
  466   4.848  -270.125   136.776     7.433   -54.525    27.608   -22.098    0.189     942302.659  0.107     291.60      1.078
  467   4.858  -270.693   137.063     7.203   -54.520    27.606   -22.198    0.189     942732.501  0.107     291.60      1.078
  468   4.869  -271.260   137.350     6.972   -54.515    27.603   -22.298    0.189     943164.384  0.107     291.60      1.078
  469   4.879  -271.827   137.637     6.739   -54.510    27.601   -22.398    0.189     943598.304  0.107     291.61      1.078
  470   4.890  -272.394   137.924     6.506   -54.504    27.598   -22.497    0.190     944034.259  0.107     291.61      1.078
  471   4.900  -272.961   138.212     6.271   -54.499    27.595   -22.597    0.190     944472.245  0.108     291.61      1.078
  472   4.910  -273.528   138.499     6.036   -54.494    27.593   -22.697    0.190     944912.259  0.108     291.61      1.078
  473   4.921  -274.095   138.786     5.799   -54.489    27.590   -22.797    0.190     945354.296  0.108     291.61      1.078
  474   4.931  -274.662   139.073     5.562   -54.483    27.587   -22.896    0.190     945798.354  0.108     291.61      1.078
  475   4.942  -275.228   139.360     5.323   -54.478    27.585   -22.996    0.190     946244.429  0.108     291.62      1.078
  476   4.952  -275.795   139.647     5.083   -54.473    27.582   -23.096    0.190     946692.517  0.108     291.62      1.078
  477   4.962  -276.362   139.934     4.843   -54.467    27.579   -23.196    0.190     947142.616  0.108     291.62      1.078
  478   4.973  -276.928   140.220     4.601   -54.462    27.576   -23.295    0.190     947594.721  0.108     291.62      1.078
  479   4.983  -277.495   140.507     4.358   -54.457    27.574   -23.395    0.190     948048.830  0.108     291.62      1.078
  480   4.994  -278.061   140.794     4.114   -54.452    27.571   -23.495    0.190     948504.938  0.108     291.62      1.078
  481   5.004  -278.628   141.081     3.870   -54.446    27.568   -23.595    0.190     948963.043  0.108     291.62      1.078
  482   5.014  -279.194   141.368     3.624   -54.441    27.566   -23.694    0.191     949423.140  0.108     291.63      1.078
  483   5.025  -279.761   141.655     3.377   -54.436    27.563   -23.794    0.191     949885.226  0.108     291.63      1.078
  484   5.035  -280.327   141.941     3.129   -54.430    27.560   -23.894    0.191     950349.298  0.108     291.63      1.078
  485   5.046  -280.893   142.228     2.880   -54.425    27.558   -23.993    0.191     950815.352  0.108     291.63      1.078
  486   5.056  -281.459   142.515     2.630   -54.420    27.555   -24.093    0.191     951283.385  0.108     291.63      1.078
  487   5.066  -282.025   142.801     2.379   -54.415    27.552   -24.192    0.191     951753.393  0.108     291.63      1.078
  488   5.077  -282.592   143.088     2.127   -54.409    27.550   -24.292    0.191     952225.373  0.108     291.64      1.078
  489   5.087  -283.158   143.375     1.873   -54.404    27.547   -24.392    0.191     952699.320  0.108     291.64      1.078
  490   5.098  -283.723   143.661     1.619   -54.399    27.544   -24.491    0.191     953175.232  0.108     291.64      1.078
  491   5.108  -284.289   143.948     1.364   -54.393    27.542   -24.591    0.191     953653.105  0.108     291.64      1.078
  492   5.118  -284.855   144.234     1.108   -54.388    27.539   -24.690    0.191     954132.936  0.108     291.64      1.078
  493   5.129  -285.421   144.521     0.850   -54.383    27.536   -24.790    0.192     954614.720  0.108     291.64      1.078
  494   5.139  -285.987   144.807     0.592   -54.377    27.533   -24.889    0.192     955098.454  0.108     291.65      1.078
  495   5.150  -286.552   145.094     0.333   -54.372    27.531   -24.989    0.192     955584.136  0.108     291.65      1.078
  496   5.160  -287.118   145.380     0.072   -54.367    27.528   -25.089    0.192     956071.760  0.108     291.65      1.078
  497   5.163  -287.274   145.459     0.000   -54.365    27.527   -25.116    0.192     956547.330  0.108     291.65      1.078
###################################################################################################################################
Range=  322.0 meters, flight time=    5.2 seconds, final location (x,y,z)=( -287.3,  145.5,    0.0)
