Output output/Halemaumau_run006.txt from Eject, Python version, run on 2020-01-07-1130


Block parameters:
                       Block diameter, m:   1.12
                    Block density, kg/m3:   2500
                             Block shape:  hicube
                   Initial velocity, m/s:  150.2
 Ejection angle from horizontal, degrees:   61.9
      Ejection direction, degrees E of N:  103.9
                         Wind speed, m/s:    0.0
             Wind direction, deg. E of N:    0.0
landing point meters below takeoff point:      0
     extent of reduced drag zone, meters:    0.0

Meteorologic conditions:
            Temperature at sea level, Celsius:  25.0
            Thermal lapse rate, deg. C per km:  6.50
Elevation of takeoff point above sea level, m:  1000

TRAJECTORY CALCULATIONS
###################################################################################################################################
    i   t (s)     x (m)     y (m)     z (m)   vx(m/s)  vy (m/s)  vz (m/s)   Mach #     Reynolds #     Cd   Temp (K) rho_air (kg/m3)
    0   0.000     0.000     0.000     0.000    68.606   -16.957   132.533    0.437   10018006.752  1.130     291.65      1.078
    1   0.054     3.706    -0.916     7.147    68.486   -16.927   131.770    0.435    9963711.494  1.129     291.60      1.078
    2   0.108     7.406    -1.830    14.254    68.366   -16.898   131.010    0.433    9909729.010  1.128     291.56      1.077
    3   0.162    11.099    -2.743    21.319    68.247   -16.868   130.253    0.431    9856056.174  1.127     291.51      1.076
    4   0.216    14.785    -3.654    28.343    68.129   -16.839   129.499    0.429    9802689.910  1.126     291.47      1.075
    5   0.270    18.466    -4.564    35.327    68.012   -16.810   128.747    0.427    9749627.197  1.126     291.42      1.075
    6   0.324    22.140    -5.472    42.270    67.896   -16.782   127.998    0.425    9696865.063  1.125     291.38      1.074
    7   0.378    25.807    -6.379    49.172    67.781   -16.753   127.251    0.423    9644400.590  1.124     291.33      1.073
    8   0.432    29.469    -7.284    56.034    67.667   -16.725   126.508    0.421    9592230.906  1.123     291.29      1.073
    9   0.487    33.124    -8.187    62.856    67.554   -16.697   125.766    0.419    9540353.191  1.122     291.24      1.072
   10   0.541    36.774    -9.089    69.639    67.442   -16.669   125.028    0.417    9488764.671  1.121     291.20      1.071
   11   0.595    40.417    -9.990    76.381    67.330   -16.642   124.292    0.415    9437462.623  1.121     291.15      1.071
   12   0.649    44.054   -10.889    83.083    67.220   -16.614   123.558    0.413    9386444.367  1.120     291.11      1.070
   13   0.703    47.686   -11.786    89.746    67.110   -16.587   122.827    0.411    9335707.274  1.119     291.07      1.069
   14   0.757    51.311   -12.682    96.370    67.001   -16.560   122.098    0.409    9285248.757  1.118     291.02      1.068
   15   0.811    54.931   -13.577   102.954    66.893   -16.534   121.372    0.407    9235066.276  1.117     290.98      1.068
   16   0.865    58.544   -14.470   109.498    66.786   -16.507   120.648    0.405    9185157.334  1.117     290.94      1.067
   17   0.919    62.152   -15.362   116.004    66.680   -16.481   119.926    0.403    9135519.481  1.116     290.90      1.066
   18   0.973    65.754   -16.252   122.471    66.574   -16.455   119.207    0.401    9086150.309  1.115     290.85      1.066
   19   1.027    69.351   -17.141   128.899    66.469   -16.429   118.490    0.399    9037047.460  1.115     290.81      1.065
   20   1.081    72.942   -18.029   135.288    66.366   -16.403   117.775    0.397    8988208.623  1.114     290.77      1.065
   21   1.135    76.527   -18.915   141.639    66.263   -16.378   117.063    0.395    8939631.534  1.113     290.73      1.064
   22   1.189    80.107   -19.800   147.951    66.160   -16.352   116.353    0.393    8891313.973  1.113     290.69      1.063
   23   1.243    83.681   -20.683   154.225    66.059   -16.327   115.644    0.391    8843253.768  1.112     290.65      1.063
   24   1.297    87.250   -21.565   160.461    65.958   -16.302   114.939    0.389    8795448.786  1.111     290.61      1.062
   25   1.351    90.813   -22.446   166.658    65.858   -16.278   114.235    0.387    8747896.942  1.111     290.57      1.061
   26   1.406    94.371   -23.325   172.818    65.759   -16.253   113.533    0.386    8700596.189  1.110     290.53      1.061
   27   1.460    97.924   -24.203   178.940    65.660   -16.229   112.834    0.384    8653544.526  1.109     290.49      1.060
   28   1.514   101.471   -25.080   185.024    65.563   -16.205   112.136    0.382    8606739.988  1.109     290.45      1.060
   29   1.568   105.013   -25.956   191.070    65.466   -16.181   111.441    0.380    8560180.654  1.108     290.41      1.059
   30   1.622   108.550   -26.830   197.078    65.369   -16.157   110.747    0.378    8513864.639  1.108     290.37      1.058
   31   1.676   112.082   -27.703   203.050    65.274   -16.133   110.056    0.376    8467790.100  1.107     290.33      1.058
   32   1.730   115.608   -28.574   208.984    65.179   -16.110   109.366    0.374    8421955.230  1.107     290.29      1.057
   33   1.784   119.129   -29.445   214.880    65.085   -16.087   108.679    0.373    8376358.261  1.106     290.25      1.056
   34   1.838   122.646   -30.314   220.740    64.992   -16.064   107.993    0.371    8330997.459  1.105     290.22      1.056
   35   1.892   126.157   -31.182   226.562    64.899   -16.041   107.310    0.369    8285871.129  1.105     290.18      1.055
   36   1.946   129.663   -32.048   232.348    64.807   -16.018   106.628    0.367    8240977.611  1.104     290.14      1.055
   37   2.000   133.165   -32.914   238.097    64.716   -15.995   105.948    0.365    8196315.280  1.104     290.10      1.054
   38   2.054   136.661   -33.778   243.809    64.625   -15.973   105.270    0.364    8151882.546  1.103     290.07      1.054
   39   2.108   140.152   -34.641   249.485    64.535   -15.951   104.594    0.362    8107677.854  1.103     290.03      1.053
   40   2.162   143.639   -35.502   255.124    64.446   -15.929   103.920    0.360    8063699.681  1.102     289.99      1.052
   41   2.216   147.121   -36.363   260.726    64.357   -15.907   103.247    0.358    8019946.537  1.102     289.96      1.052
   42   2.270   150.598   -37.222   266.292    64.269   -15.885   102.576    0.356    7976416.969  1.101     289.92      1.051
   43   2.325   154.070   -38.081   271.822    64.182   -15.863   101.907    0.355    7933109.551  1.101     289.88      1.051
   44   2.379   157.538   -38.938   277.316    64.095   -15.842   101.240    0.353    7890022.892  1.100     289.85      1.050
   45   2.433   161.001   -39.794   282.774    64.009   -15.821   100.574    0.351    7847155.633  1.100     289.81      1.050
   46   2.487   164.459   -40.648   288.196    63.923   -15.800    99.910    0.349    7804506.445  1.099     289.78      1.049
   47   2.541   167.913   -41.502   293.582    63.838   -15.779    99.248    0.348    7762074.031  1.099     289.74      1.049
   48   2.595   171.362   -42.355   298.932    63.754   -15.758    98.588    0.346    7719857.123  1.098     289.71      1.048
   49   2.649   174.806   -43.206   304.247    63.671   -15.737    97.929    0.344    7677854.486  1.098     289.67      1.048
   50   2.703   178.247   -44.056   309.526    63.588   -15.717    97.271    0.343    7636064.912  1.097     289.64      1.047
   51   2.757   181.682   -44.905   314.770    63.505   -15.696    96.616    0.341    7594487.224  1.097     289.60      1.046
   52   2.811   185.113   -45.753   319.978    63.423   -15.676    95.962    0.339    7553120.275  1.096     289.57      1.046
   53   2.865   188.540   -46.600   325.151    63.342   -15.656    95.309    0.337    7511962.946  1.096     289.54      1.045
   54   2.919   191.962   -47.446   330.288    63.262   -15.636    94.658    0.336    7471014.148  1.095     289.50      1.045
   55   2.973   195.380   -48.291   335.391    63.182   -15.616    94.009    0.334    7430272.819  1.095     289.47      1.044
   56   3.027   198.794   -49.135   340.458    63.102   -15.597    93.361    0.332    7389737.927  1.095     289.44      1.044
   57   3.081   202.204   -49.978   345.491    63.023   -15.577    92.715    0.331    7349408.468  1.094     289.40      1.043
   58   3.135   205.609   -50.819   350.488    62.945   -15.558    92.070    0.329    7309283.465  1.094     289.37      1.043
   59   3.189   209.010   -51.660   355.451    62.867   -15.539    91.426    0.327    7269361.969  1.093     289.34      1.042
   60   3.244   212.406   -52.499   360.379    62.790   -15.519    90.784    0.326    7229643.058  1.093     289.31      1.042
   61   3.298   215.799   -53.338   365.272    62.713   -15.501    90.144    0.324    7190125.840  1.092     289.28      1.041
   62   3.352   219.187   -54.175   370.130    62.637   -15.482    89.505    0.323    7150809.448  1.092     289.24      1.041
   63   3.406   222.572   -55.012   374.955    62.562   -15.463    88.867    0.321    7111693.041  1.091     289.21      1.040
   64   3.460   225.952   -55.847   379.744    62.487   -15.444    88.231    0.319    7072775.808  1.091     289.18      1.040
   65   3.514   229.328   -56.682   384.500    62.412   -15.426    87.596    0.318    7034056.963  1.090     289.15      1.040
   66   3.568   232.701   -57.515   389.221    62.338   -15.408    86.963    0.316    6995535.747  1.090     289.12      1.039
   67   3.622   236.069   -58.348   393.908    62.265   -15.390    86.331    0.314    6957211.427  1.090     289.09      1.039
   68   3.676   239.433   -59.179   398.560    62.192   -15.372    85.700    0.313    6919083.297  1.089     289.06      1.038
   69   3.730   242.794   -60.010   403.179    62.120   -15.354    85.071    0.311    6881150.678  1.089     289.03      1.038
   70   3.784   246.150   -60.840   407.764    62.048   -15.336    84.443    0.310    6843412.915  1.088     289.00      1.037
   71   3.838   249.503   -61.668   412.314    61.976   -15.318    83.816    0.308    6805869.383  1.088     288.97      1.037
   72   3.892   252.851   -62.496   416.831    61.906   -15.301    83.191    0.307    6768519.480  1.087     288.94      1.036
   73   3.946   256.196   -63.323   421.314    61.835   -15.283    82.566    0.305    6731362.631  1.087     288.91      1.036
   74   4.000   259.537   -64.148   425.764    61.765   -15.266    81.944    0.303    6694398.286  1.086     288.88      1.035
   75   4.054   262.875   -64.973   430.179    61.696   -15.249    81.322    0.302    6657625.924  1.086     288.85      1.035
   76   4.108   266.209   -65.797   434.562    61.627   -15.232    80.701    0.300    6621045.044  1.085     288.83      1.035
   77   4.163   269.538   -66.620   438.910    61.559   -15.215    80.082    0.299    6584655.172  1.085     288.80      1.034
   78   4.217   272.865   -67.442   443.225    61.491   -15.198    79.464    0.297    6548455.858  1.085     288.77      1.034
   79   4.271   276.187   -68.264   447.507    61.424   -15.182    78.848    0.296    6512446.675  1.084     288.74      1.033
   80   4.325   279.506   -69.084   451.756    61.357   -15.165    78.232    0.294    6476627.222  1.084     288.71      1.033
   81   4.379   282.822   -69.903   455.971    61.290   -15.149    77.618    0.293    6440997.121  1.083     288.69      1.032
   82   4.433   286.133   -70.722   460.153    61.224   -15.132    77.004    0.291    6405556.020  1.083     288.66      1.032
   83   4.487   289.442   -71.540   464.302    61.159   -15.116    76.392    0.290    6370303.590  1.082     288.63      1.032
   84   4.541   292.746   -72.356   468.418    61.094   -15.100    75.781    0.288    6335239.528  1.082     288.61      1.031
   85   4.595   296.047   -73.172   472.501    61.029   -15.084    75.172    0.287    6300363.558  1.081     288.58      1.031
   86   4.649   299.345   -73.987   476.551    60.965   -15.068    74.563    0.285    6265675.425  1.081     288.55      1.030
   87   4.703   302.639   -74.802   480.568    60.902   -15.053    73.956    0.284    6231174.902  1.081     288.53      1.030
   88   4.757   305.930   -75.615   484.552    60.838   -15.037    73.349    0.282    6196861.788  1.080     288.50      1.030
   89   4.811   309.218   -76.428   488.504    60.776   -15.022    72.744    0.281    6162735.905  1.080     288.47      1.029
   90   4.865   312.502   -77.239   492.422    60.713   -15.006    72.139    0.279    6128797.103  1.079     288.45      1.029
   91   4.919   315.782   -78.050   496.309    60.651   -14.991    71.536    0.278    6095045.256  1.079     288.42      1.028
   92   4.973   319.060   -78.860   500.162    60.590   -14.976    70.934    0.277    6061480.265  1.078     288.40      1.028
   93   5.027   322.334   -79.669   503.983    60.529   -14.961    70.333    0.275    6028102.057  1.078     288.37      1.028
   94   5.081   325.604   -80.478   507.772    60.468   -14.946    69.733    0.274    5994910.584  1.077     288.35      1.027
   95   5.136   328.872   -81.285   511.528    60.408   -14.931    69.134    0.272    5961905.827  1.077     288.33      1.027
   96   5.190   332.136   -82.092   515.252    60.348   -14.916    68.535    0.271    5929087.790  1.077     288.30      1.027
   97   5.244   335.397   -82.898   518.943    60.289   -14.901    67.938    0.269    5896456.506  1.076     288.28      1.026
   98   5.298   338.655   -83.703   522.602    60.230   -14.887    67.342    0.268    5864012.034  1.076     288.25      1.026
   99   5.352   341.910   -84.508   526.229    60.171   -14.872    66.747    0.267    5831754.460  1.075     288.23      1.025
  100   5.406   345.161   -85.312   529.824    60.113   -14.858    66.153    0.265    5799683.896  1.075     288.21      1.025
  101   5.460   348.409   -86.114   533.387    60.055   -14.844    65.560    0.264    5767800.483  1.074     288.18      1.025
  102   5.514   351.655   -86.916   536.918    59.998   -14.829    64.967    0.263    5736104.387  1.074     288.16      1.024
  103   5.568   354.897   -87.718   540.416    59.941   -14.815    64.376    0.261    5704595.804  1.074     288.14      1.024
  104   5.622   358.136   -88.518   543.883    59.885   -14.801    63.786    0.260    5673274.955  1.073     288.11      1.024
  105   5.676   361.372   -89.318   547.318    59.828   -14.787    63.196    0.259    5642142.089  1.073     288.09      1.023
  106   5.730   364.605   -90.117   550.721    59.773   -14.774    62.607    0.257    5611197.486  1.072     288.07      1.023
  107   5.784   367.835   -90.916   554.092    59.717   -14.760    62.020    0.256    5580441.448  1.072     288.05      1.023
  108   5.838   371.062   -91.713   557.432    59.662   -14.746    61.433    0.255    5549874.311  1.072     288.03      1.022
  109   5.892   374.286   -92.510   560.739    59.608   -14.733    60.847    0.253    5519496.435  1.071     288.01      1.022
  110   5.946   377.507   -93.306   564.016    59.553   -14.719    60.262    0.252    5489308.211  1.071     287.98      1.022
  111   6.000   380.725   -94.102   567.260    59.499   -14.706    59.677    0.251    5459310.056  1.071     287.96      1.021
  112   6.055   383.940   -94.896   570.473    59.446   -14.693    59.094    0.249    5429502.416  1.070     287.94      1.021
  113   6.109   387.152   -95.690   573.654    59.393   -14.680    58.511    0.248    5399885.767  1.070     287.92      1.021
  114   6.163   390.362   -96.484   576.804    59.340   -14.667    57.930    0.247    5370460.613  1.069     287.90      1.021
  115   6.217   393.569   -97.276   579.923    59.287   -14.654    57.349    0.245    5341227.487  1.069     287.88      1.020
  116   6.271   396.772   -98.068   583.010    59.235   -14.641    56.769    0.244    5312186.949  1.069     287.86      1.020
  117   6.325   399.973   -98.859   586.066    59.184   -14.628    56.189    0.243    5283339.590  1.068     287.84      1.020
  118   6.379   403.172   -99.650   589.090    59.132   -14.615    55.611    0.242    5254686.030  1.068     287.82      1.019
  119   6.433   406.367  -100.440   592.083    59.081   -14.603    55.033    0.240    5226226.916  1.068     287.80      1.019
  120   6.487   409.560  -101.229   595.045    59.030   -14.590    54.456    0.239    5197962.927  1.067     287.78      1.019
  121   6.541   412.750  -102.017   597.976    58.980   -14.578    53.880    0.238    5169894.770  1.067     287.76      1.018
  122   6.595   415.937  -102.805   600.876    58.930   -14.565    53.304    0.237    5142023.181  1.067     287.74      1.018
  123   6.649   419.122  -103.592   603.745    58.880   -14.553    52.730    0.236    5114348.924  1.066     287.73      1.018
  124   6.703   422.303  -104.378   606.582    58.831   -14.541    52.156    0.234    5086872.796  1.066     287.71      1.018
  125   6.757   425.483  -105.164   609.389    58.782   -14.529    51.582    0.233    5059595.619  1.066     287.69      1.017
  126   6.811   428.659  -105.949   612.164    58.733   -14.517    51.010    0.232    5032518.248  1.065     287.67      1.017
  127   6.865   431.833  -106.734   614.909    58.684   -14.505    50.438    0.231    5005641.565  1.065     287.65      1.017
  128   6.919   435.004  -107.518   617.623    58.636   -14.493    49.867    0.230    4978966.483  1.065     287.64      1.017
  129   6.974   438.173  -108.301   620.305    58.589   -14.481    49.297    0.228    4952493.943  1.064     287.62      1.016
  130   7.028   441.339  -109.083   622.958    58.541   -14.469    48.727    0.227    4926224.915  1.064     287.60      1.016
  131   7.082   444.503  -109.865   625.579    58.494   -14.458    48.158    0.226    4900160.400  1.064     287.58      1.016
  132   7.136   447.664  -110.647   628.169    58.447   -14.446    47.589    0.225    4874301.426  1.064     287.57      1.015
  133   7.190   450.822  -111.427   630.729    58.400   -14.434    47.022    0.224    4848649.051  1.063     287.55      1.015
  134   7.244   453.978  -112.207   633.258    58.354   -14.423    46.455    0.223    4823204.362  1.063     287.53      1.015
  135   7.298   457.132  -112.987   635.757    58.308   -14.412    45.888    0.222    4797968.474  1.063     287.52      1.015
  136   7.352   460.283  -113.766   638.225    58.262   -14.400    45.323    0.220    4772942.532  1.062     287.50      1.015
  137   7.406   463.431  -114.544   640.662    58.217   -14.389    44.758    0.219    4748127.706  1.062     287.49      1.014
  138   7.460   466.577  -115.321   643.069    58.172   -14.378    44.193    0.218    4723525.199  1.062     287.47      1.014
  139   7.514   469.721  -116.098   645.445    58.127   -14.367    43.629    0.217    4699136.237  1.062     287.45      1.014
  140   7.568   472.862  -116.875   647.791    58.082   -14.356    43.066    0.216    4674962.078  1.061     287.44      1.014
  141   7.622   476.001  -117.651   650.106    58.038   -14.345    42.503    0.215    4651004.004  1.061     287.42      1.013
  142   7.676   479.138  -118.426   652.391    57.994   -14.334    41.941    0.214    4627263.328  1.061     287.41      1.013
  143   7.730   482.272  -119.200   654.646    57.950   -14.323    41.380    0.213    4603741.385  1.061     287.39      1.013
  144   7.784   485.403  -119.974   656.870    57.907   -14.312    40.819    0.212    4580439.541  1.061     287.38      1.013
  145   7.838   488.533  -120.748   659.064    57.863   -14.302    40.259    0.211    4557359.185  1.060     287.37      1.012
  146   7.893   491.660  -121.521   661.228    57.820   -14.291    39.699    0.210    4534501.735  1.060     287.35      1.012
  147   7.947   494.785  -122.293   663.362    57.778   -14.281    39.140    0.209    4511868.631  1.060     287.34      1.012
  148   8.001   497.907  -123.065   665.465    57.735   -14.270    38.582    0.208    4489461.341  1.060     287.32      1.012
  149   8.055   501.027  -123.836   667.538    57.693   -14.260    38.024    0.207    4467281.354  1.059     287.31      1.012
  150   8.109   504.145  -124.607   669.581    57.651   -14.249    37.466    0.206    4445330.185  1.059     287.30      1.011
  151   8.163   507.261  -125.377   671.594    57.609   -14.239    36.909    0.205    4423609.373  1.059     287.28      1.011
  152   8.217   510.374  -126.146   673.577    57.568   -14.229    36.353    0.204    4402120.479  1.059     287.27      1.011
  153   8.271   513.485  -126.915   675.529    57.526   -14.219    35.797    0.203    4380865.084  1.059     287.26      1.011
  154   8.325   516.594  -127.684   677.452    57.485   -14.208    35.242    0.202    4359844.793  1.059     287.25      1.011
  155   8.379   519.700  -128.451   679.344    57.445   -14.198    34.687    0.201    4339061.232  1.058     287.23      1.011
  156   8.433   522.805  -129.219   681.207    57.404   -14.188    34.133    0.200    4318516.045  1.058     287.22      1.010
  157   8.487   525.907  -129.986   683.040    57.364   -14.178    33.579    0.199    4298210.895  1.058     287.21      1.010
  158   8.541   529.007  -130.752   684.843    57.324   -14.168    33.026    0.198    4278147.466  1.058     287.20      1.010
  159   8.595   532.105  -131.518   686.615    57.284   -14.159    32.473    0.198    4258327.456  1.058     287.19      1.010
  160   8.649   535.201  -132.283   688.358    57.244   -14.149    31.921    0.197    4238752.583  1.058     287.18      1.010
  161   8.703   538.295  -133.047   690.072    57.205   -14.139    31.369    0.196    4219424.578  1.057     287.16      1.009
  162   8.757   541.386  -133.811   691.755    57.166   -14.129    30.818    0.195    4200345.188  1.057     287.15      1.009
  163   8.812   544.476  -134.575   693.409    57.127   -14.120    30.267    0.194    4181516.172  1.057     287.14      1.009
  164   8.866   547.563  -135.338   695.032    57.088   -14.110    29.717    0.193    4162939.302  1.057     287.13      1.009
  165   8.920   550.648  -136.101   696.626    57.049   -14.101    29.167    0.192    4144616.363  1.057     287.12      1.009
  166   8.974   553.731  -136.863   698.191    57.011   -14.091    28.618    0.192    4126549.148  1.057     287.11      1.009
  167   9.028   556.812  -137.624   699.725    56.972   -14.082    28.069    0.191    4108739.459  1.057     287.10      1.009
  168   9.082   559.891  -138.385   701.230    56.934   -14.072    27.520    0.190    4091189.108  1.057     287.09      1.008
  169   9.136   562.968  -139.146   702.706    56.897   -14.063    26.972    0.189    4073899.909  1.056     287.08      1.008
  170   9.190   566.043  -139.906   704.152    56.859   -14.054    26.424    0.189    4056873.684  1.056     287.07      1.008
  171   9.244   569.116  -140.665   705.568    56.822   -14.044    25.877    0.188    4040112.259  1.056     287.06      1.008
  172   9.298   572.187  -141.424   706.954    56.784   -14.035    25.331    0.187    4023617.460  1.056     287.05      1.008
  173   9.352   575.256  -142.183   708.311    56.747   -14.026    24.784    0.186    4007391.114  1.056     287.05      1.008
  174   9.406   578.322  -142.941   709.639    56.710   -14.017    24.238    0.186    3991435.047  1.056     287.04      1.008
  175   9.460   581.387  -143.698   710.937    56.674   -14.008    23.693    0.185    3975751.084  1.056     287.03      1.007
  176   9.514   584.450  -144.455   712.205    56.637   -13.999    23.148    0.184    3960341.043  1.056     287.02      1.007
  177   9.568   587.511  -145.212   713.444    56.601   -13.990    22.603    0.183    3945206.739  1.056     287.01      1.007
  178   9.622   590.570  -145.968   714.654    56.564   -13.981    22.059    0.183    3930349.977  1.056     287.00      1.007
  179   9.676   593.627  -146.723   715.834    56.528   -13.972    21.515    0.182    3915772.553  1.056     287.00      1.007
  180   9.731   596.682  -147.479   716.985    56.492   -13.963    20.972    0.182    3901476.254  1.056     286.99      1.007
  181   9.785   599.735  -148.233   718.106    56.457   -13.954    20.429    0.181    3887462.852  1.055     286.98      1.007
  182   9.839   602.786  -148.987   719.199    56.421   -13.945    19.886    0.180    3873734.104  1.055     286.98      1.007
  183   9.893   605.835  -149.741   720.261    56.386   -13.937    19.344    0.180    3860291.751  1.055     286.97      1.007
  184   9.947   608.883  -150.494   721.295    56.350   -13.928    18.802    0.179    3847137.517  1.055     286.96      1.006
  185  10.001   611.928  -151.247   722.299    56.315   -13.919    18.260    0.178    3834273.102  1.055     286.96      1.006
  186  10.055   614.972  -151.999   723.274    56.280   -13.910    17.719    0.178    3821700.186  1.055     286.95      1.006
  187  10.109   618.013  -152.751   724.220    56.245   -13.902    17.178    0.177    3809420.425  1.055     286.94      1.006
  188  10.163   621.053  -153.502   725.136    56.211   -13.893    16.638    0.177    3797435.446  1.055     286.94      1.006
  189  10.217   624.091  -154.253   726.023    56.176   -13.885    16.098    0.176    3785746.851  1.055     286.93      1.006
  190  10.271   627.127  -155.004   726.881    56.141   -13.876    15.558    0.176    3774356.208  1.055     286.93      1.006
  191  10.325   630.161  -155.753   727.710    56.107   -13.868    15.019    0.175    3763265.055  1.055     286.92      1.006
  192  10.379   633.193  -156.503   728.510    56.073   -13.859    14.480    0.175    3752474.895  1.055     286.91      1.006
  193  10.433   636.224  -157.252   729.281    56.039   -13.851    13.941    0.174    3741987.194  1.055     286.91      1.006
  194  10.487   639.252  -158.001   730.022    56.005   -13.842    13.403    0.174    3731803.381  1.055     286.90      1.006
  195  10.541   642.279  -158.749   730.735    55.971   -13.834    12.865    0.173    3721924.841  1.055     286.90      1.006
  196  10.595   645.304  -159.496   731.418    55.937   -13.826    12.328    0.173    3712352.920  1.055     286.90      1.005
  197  10.650   648.327  -160.243   732.072    55.903   -13.817    11.790    0.173    3703088.918  1.055     286.89      1.005
  198  10.704   651.349  -160.990   732.698    55.870   -13.809    11.254    0.172    3694134.089  1.055     286.89      1.005
  199  10.758   654.368  -161.737   733.294    55.836   -13.801    10.717    0.172    3685489.639  1.055     286.88      1.005
  200  10.812   657.386  -162.482   733.861    55.803   -13.793    10.181    0.171    3677156.722  1.055     286.88      1.005
  201  10.866   660.402  -163.228   734.399    55.770   -13.784     9.645    0.171    3669136.442  1.055     286.88      1.005
  202  10.920   663.416  -163.973   734.909    55.737   -13.776     9.109    0.171    3661429.847  1.055     286.87      1.005
  203  10.974   666.428  -164.717   735.389    55.703   -13.768     8.574    0.170    3654037.932  1.055     286.87      1.005
  204  11.028   669.438  -165.461   735.841    55.670   -13.760     8.039    0.170    3646961.631  1.055     286.87      1.005
  205  11.082   672.447  -166.205   736.263    55.638   -13.752     7.505    0.170    3640201.822  1.055     286.86      1.005
  206  11.136   675.454  -166.948   736.657    55.605   -13.744     6.971    0.169    3633759.320  1.055     286.86      1.005
  207  11.190   678.459  -167.691   737.022    55.572   -13.735     6.437    0.169    3627634.879  1.055     286.86      1.005
  208  11.244   681.463  -168.433   737.358    55.539   -13.727     5.903    0.169    3621829.189  1.055     286.86      1.005
  209  11.298   684.464  -169.175   737.665    55.507   -13.719     5.370    0.169    3616342.874  1.055     286.86      1.005
  210  11.352   687.464  -169.917   737.943    55.474   -13.711     4.837    0.168    3611176.492  1.055     286.85      1.005
  211  11.406   690.462  -170.658   738.193    55.442   -13.703     4.304    0.168    3606330.532  1.055     286.85      1.005
  212  11.460   693.459  -171.398   738.413    55.409   -13.695     3.772    0.168    3601805.416  1.055     286.85      1.005
  213  11.514   696.453  -172.139   738.605    55.377   -13.687     3.240    0.168    3597601.494  1.055     286.85      1.005
  214  11.569   699.446  -172.878   738.768    55.344   -13.679     2.708    0.168    3593719.044  1.055     286.85      1.005
  215  11.623   702.437  -173.618   738.903    55.312   -13.671     2.177    0.167    3590158.275  1.055     286.85      1.005
  216  11.677   705.427  -174.356   739.008    55.280   -13.663     1.646    0.167    3586919.320  1.055     286.85      1.005
  217  11.731   708.414  -175.095   739.085    55.248   -13.655     1.115    0.167    3584002.238  1.055     286.85      1.005
  218  11.785   711.400  -175.833   739.134    55.216   -13.647     0.585    0.167    3581407.017  1.055     286.85      1.005
  219  11.839   714.384  -176.570   739.154    55.184   -13.639     0.055    0.167    3579133.566  1.055     286.85      1.005
  220  11.893   717.367  -177.308   739.145    55.152   -13.632    -0.475    0.167    3577181.720  1.055     286.85      1.005
  221  11.947   720.347  -178.044   739.107    55.120   -13.624    -1.005    0.167    3575551.239  1.055     286.85      1.005
  222  12.001   723.326  -178.781   739.041    55.088   -13.616    -1.534    0.167    3574241.805  1.055     286.85      1.005
  223  12.055   726.304  -179.516   738.946    55.056   -13.608    -2.063    0.167    3573253.027  1.055     286.85      1.005
  224  12.109   729.279  -180.252   738.822    55.024   -13.600    -2.591    0.167    3572584.434  1.055     286.85      1.005
  225  12.163   732.253  -180.987   738.670    54.992   -13.592    -3.120    0.167    3572235.482  1.055     286.85      1.005
  226  12.217   735.225  -181.721   738.490    54.960   -13.584    -3.648    0.167    3572205.547  1.055     286.85      1.005
  227  12.271   738.195  -182.456   738.281    54.928   -13.576    -4.175    0.167    3572493.933  1.055     286.85      1.005
  228  12.325   741.164  -183.189   738.043    54.896   -13.568    -4.703    0.167    3573099.868  1.055     286.85      1.005
  229  12.379   744.131  -183.923   737.777    54.865   -13.561    -5.230    0.167    3574022.502  1.055     286.85      1.005
  230  12.433   747.096  -184.656   737.483    54.833   -13.553    -5.757    0.167    3575260.914  1.055     286.86      1.005
  231  12.488   750.059  -185.388   737.160    54.801   -13.545    -6.283    0.167    3576814.109  1.055     286.86      1.005
  232  12.542   753.021  -186.120   736.808    54.769   -13.537    -6.809    0.167    3578681.017  1.055     286.86      1.005
  233  12.596   755.981  -186.852   736.428    54.737   -13.529    -7.335    0.167    3580860.496  1.055     286.86      1.005
  234  12.650   758.940  -187.583   736.020    54.705   -13.521    -7.861    0.167    3583351.336  1.055     286.87      1.005
  235  12.704   761.896  -188.314   735.583    54.674   -13.513    -8.386    0.167    3586152.254  1.055     286.87      1.005
  236  12.758   764.851  -189.044   735.118    54.642   -13.506    -8.911    0.167    3589261.899  1.055     286.87      1.005
  237  12.812   767.804  -189.774   734.624    54.610   -13.498    -9.435    0.167    3592678.851  1.055     286.87      1.005
  238  12.866   770.756  -190.503   734.102    54.578   -13.490    -9.960    0.168    3596401.625  1.055     286.88      1.005
  239  12.920   773.705  -191.232   733.552    54.546   -13.482   -10.483    0.168    3600428.671  1.055     286.88      1.005
  240  12.974   776.653  -191.961   732.974    54.514   -13.474   -11.007    0.168    3604758.373  1.055     286.89      1.005
  241  13.028   779.599  -192.689   732.367    54.483   -13.466   -11.531    0.168    3609389.057  1.055     286.89      1.005
  242  13.082   782.544  -193.417   731.732    54.451   -13.458   -12.054    0.168    3614318.984  1.055     286.89      1.005
  243  13.136   785.487  -194.144   731.068    54.419   -13.450   -12.576    0.169    3619546.358  1.055     286.90      1.005
  244  13.190   788.428  -194.871   730.377    54.387   -13.442   -13.099    0.169    3625069.325  1.055     286.90      1.006
  245  13.244   791.367  -195.598   729.657    54.355   -13.435   -13.621    0.169    3630885.977  1.055     286.91      1.006
  246  13.298   794.305  -196.324   728.909    54.323   -13.427   -14.142    0.169    3636994.349  1.055     286.91      1.006
  247  13.352   797.241  -197.050   728.133    54.291   -13.419   -14.664    0.170    3643392.427  1.055     286.92      1.006
  248  13.407   800.175  -197.775   727.328    54.258   -13.411   -15.185    0.170    3650078.145  1.055     286.92      1.006
  249  13.461   803.107  -198.500   726.496    54.226   -13.403   -15.706    0.170    3657049.390  1.055     286.93      1.006
  250  13.515   806.038  -199.224   725.635    54.194   -13.395   -16.226    0.171    3664304.000  1.055     286.93      1.006
  251  13.569   808.967  -199.948   724.746    54.162   -13.387   -16.746    0.171    3671839.772  1.055     286.94      1.006
  252  13.623   811.894  -200.671   723.829    54.129   -13.379   -17.266    0.171    3679654.457  1.055     286.95      1.006
  253  13.677   814.819  -201.394   722.884    54.097   -13.371   -17.786    0.172    3687745.767  1.055     286.95      1.006
  254  13.731   817.743  -202.117   721.911    54.065   -13.363   -18.305    0.172    3696111.376  1.055     286.96      1.006
  255  13.785   820.665  -202.839   720.909    54.032   -13.355   -18.824    0.172    3704748.920  1.055     286.96      1.006
  256  13.839   823.585  -203.561   719.880    54.000   -13.347   -19.342    0.173    3713656.001  1.055     286.97      1.007
  257  13.893   826.504  -204.282   718.823    53.967   -13.339   -19.860    0.173    3722830.188  1.055     286.98      1.007
  258  13.947   829.420  -205.003   717.738    53.934   -13.331   -20.378    0.174    3732269.019  1.055     286.98      1.007
  259  14.001   832.335  -205.724   716.624    53.902   -13.323   -20.895    0.174    3741970.004  1.055     286.99      1.007
  260  14.055   835.248  -206.444   715.483    53.869   -13.314   -21.412    0.175    3751930.625  1.055     287.00      1.007
  261  14.109   838.160  -207.163   714.314    53.836   -13.306   -21.929    0.175    3762148.339  1.055     287.01      1.007
  262  14.163   841.069  -207.882   713.117    53.803   -13.298   -22.446    0.175    3772620.582  1.055     287.01      1.007
  263  14.217   843.977  -208.601   711.892    53.770   -13.290   -22.962    0.176    3783344.767  1.055     287.02      1.007
  264  14.271   846.883  -209.319   710.639    53.737   -13.282   -23.477    0.176    3794318.287  1.055     287.03      1.007
  265  14.325   849.787  -210.037   709.358    53.704   -13.274   -23.993    0.177    3805538.521  1.055     287.04      1.008
  266  14.380   852.689  -210.755   708.050    53.671   -13.265   -24.507    0.177    3817002.828  1.055     287.05      1.008
  267  14.434   855.590  -211.471   706.713    53.637   -13.257   -25.022    0.178    3828708.556  1.055     287.06      1.008
  268  14.488   858.489  -212.188   705.349    53.604   -13.249   -25.536    0.178    3840653.040  1.055     287.07      1.008
  269  14.542   861.386  -212.904   703.957    53.571   -13.241   -26.050    0.179    3852833.605  1.055     287.07      1.008
  270  14.596   864.281  -213.620   702.537    53.537   -13.232   -26.564    0.180    3865247.567  1.055     287.08      1.008
  271  14.650   867.174  -214.335   701.090    53.503   -13.224   -27.077    0.180    3877892.235  1.055     287.09      1.008
  272  14.704   870.066  -215.049   699.614    53.470   -13.216   -27.589    0.181    3890764.911  1.055     287.10      1.009
  273  14.758   872.956  -215.764   698.111    53.436   -13.207   -28.102    0.181    3903862.896  1.056     287.11      1.009
  274  14.812   875.844  -216.477   696.581    53.402   -13.199   -28.614    0.182    3917183.486  1.056     287.12      1.009
  275  14.866   878.730  -217.191   695.022    53.368   -13.191   -29.125    0.183    3930723.978  1.056     287.13      1.009
  276  14.920   881.614  -217.904   693.436    53.334   -13.182   -29.636    0.183    3944481.666  1.056     287.14      1.009
  277  14.974   884.496  -218.616   691.823    53.299   -13.174   -30.147    0.184    3958453.850  1.056     287.15      1.009
  278  15.028   887.377  -219.328   690.182    53.265   -13.165   -30.657    0.184    3972637.830  1.056     287.16      1.009
  279  15.082   890.255  -220.039   688.513    53.231   -13.157   -31.167    0.185    3987030.913  1.056     287.17      1.010
  280  15.136   893.132  -220.751   686.817    53.196   -13.148   -31.677    0.186    4001630.408  1.056     287.19      1.010
  281  15.190   896.007  -221.461   685.093    53.161   -13.140   -32.186    0.186    4016433.633  1.056     287.20      1.010
  282  15.244   898.880  -222.171   683.341    53.127   -13.131   -32.695    0.187    4031437.915  1.056     287.21      1.010
  283  15.299   901.751  -222.881   681.562    53.092   -13.122   -33.203    0.188    4046640.589  1.056     287.22      1.010
  284  15.353   904.620  -223.590   679.756    53.057   -13.114   -33.711    0.188    4062038.998  1.056     287.23      1.010
  285  15.407   907.488  -224.299   677.922    53.022   -13.105   -34.218    0.189    4077630.498  1.056     287.24      1.011
  286  15.461   910.353  -225.007   676.061    52.986   -13.096   -34.725    0.190    4093412.458  1.057     287.26      1.011
  287  15.515   913.217  -225.715   674.173    52.951   -13.088   -35.232    0.190    4109382.258  1.057     287.27      1.011
  288  15.569   916.079  -226.422   672.257    52.915   -13.079   -35.738    0.191    4125537.292  1.057     287.28      1.011
  289  15.623   918.938  -227.129   670.313    52.880   -13.070   -36.244    0.192    4141874.969  1.057     287.29      1.011
  290  15.677   921.796  -227.835   668.343    52.844   -13.061   -36.749    0.193    4158392.714  1.057     287.31      1.012
  291  15.731   924.652  -228.541   666.345    52.808   -13.052   -37.254    0.193    4175087.967  1.057     287.32      1.012
  292  15.785   927.506  -229.246   664.319    52.772   -13.043   -37.758    0.194    4191958.185  1.057     287.33      1.012
  293  15.839   930.358  -229.951   662.267    52.736   -13.035   -38.262    0.195    4209000.843  1.057     287.35      1.012
  294  15.893   933.208  -230.656   660.187    52.700   -13.026   -38.766    0.196    4226213.433  1.057     287.36      1.012
  295  15.947   936.056  -231.360   658.080    52.664   -13.017   -39.269    0.196    4243593.466  1.058     287.37      1.013
  296  16.001   938.902  -232.063   655.946    52.627   -13.008   -39.771    0.197    4261138.474  1.058     287.39      1.013
  297  16.055   941.746  -232.766   653.785    52.591   -12.999   -40.274    0.198    4278846.005  1.058     287.40      1.013
  298  16.109   944.588  -233.469   651.596    52.554   -12.989   -40.775    0.199    4296713.630  1.058     287.41      1.013
  299  16.163   947.428  -234.171   649.381    52.517   -12.980   -41.276    0.200    4314738.939  1.058     287.43      1.013
  300  16.218   950.267  -234.872   647.138    52.480   -12.971   -41.777    0.200    4332919.544  1.058     287.44      1.014
  301  16.272   953.103  -235.573   644.868    52.443   -12.962   -42.277    0.201    4351253.078  1.058     287.46      1.014
  302  16.326   955.937  -236.274   642.572    52.406   -12.953   -42.777    0.202    4369737.194  1.059     287.47      1.014
  303  16.380   958.769  -236.974   640.248    52.368   -12.944   -43.276    0.203    4388369.570  1.059     287.49      1.014
  304  16.434   961.599  -237.673   637.897    52.331   -12.934   -43.775    0.204    4407147.904  1.059     287.50      1.015
  305  16.488   964.427  -238.372   635.520    52.293   -12.925   -44.273    0.204    4426069.916  1.059     287.52      1.015
  306  16.542   967.253  -239.071   633.115    52.255   -12.916   -44.771    0.205    4445133.350  1.059     287.53      1.015
  307  16.596   970.077  -239.769   630.684    52.217   -12.906   -45.268    0.206    4464335.972  1.059     287.55      1.015
  308  16.650   972.899  -240.466   628.225    52.179   -12.897   -45.765    0.207    4483675.571  1.059     287.57      1.015
  309  16.704   975.719  -241.163   625.740    52.141   -12.887   -46.261    0.208    4503149.960  1.060     287.58      1.016
  310  16.758   978.537  -241.860   623.228    52.102   -12.878   -46.757    0.209    4522756.973  1.060     287.60      1.016
  311  16.812   981.353  -242.555   620.690    52.064   -12.868   -47.252    0.210    4542494.471  1.060     287.62      1.016
  312  16.866   984.166  -243.251   618.124    52.025   -12.859   -47.746    0.210    4562360.335  1.060     287.63      1.016
  313  16.920   986.978  -243.946   615.532    51.986   -12.849   -48.240    0.211    4582352.470  1.060     287.65      1.017
  314  16.974   989.787  -244.640   612.913    51.947   -12.840   -48.734    0.212    4602468.806  1.061     287.67      1.017
  315  17.028   992.594  -245.334   610.267    51.908   -12.830   -49.227    0.213    4622707.295  1.061     287.68      1.017
  316  17.082   995.400  -246.027   607.595    51.869   -12.820   -49.719    0.214    4643065.913  1.061     287.70      1.018
  317  17.137   998.203  -246.720   604.896    51.829   -12.810   -50.211    0.215    4663542.659  1.061     287.72      1.018
  318  17.191  1001.004  -247.413   602.171    51.790   -12.801   -50.703    0.216    4684135.556  1.061     287.74      1.018
  319  17.245  1003.802  -248.104   599.419    51.750   -12.791   -51.194    0.217    4704842.651  1.062     287.75      1.018
  320  17.299  1006.599  -248.795   596.640    51.710   -12.781   -51.684    0.217    4725662.013  1.062     287.77      1.019
  321  17.353  1009.393  -249.486   593.835    51.670   -12.771   -52.173    0.218    4746591.733  1.062     287.79      1.019
  322  17.407  1012.186  -250.176   591.004    51.630   -12.761   -52.663    0.219    4767629.929  1.062     287.81      1.019
  323  17.461  1014.976  -250.866   588.146    51.589   -12.751   -53.151    0.220    4788774.738  1.062     287.83      1.019
  324  17.515  1017.764  -251.555   585.262    51.549   -12.741   -53.639    0.221    4810024.322  1.063     287.85      1.020
  325  17.569  1020.549  -252.244   582.351    51.508   -12.731   -54.126    0.222    4831376.866  1.063     287.86      1.020
  326  17.623  1023.333  -252.932   579.414    51.467   -12.721   -54.613    0.223    4852830.575  1.063     287.88      1.020
  327  17.677  1026.114  -253.619   576.451    51.426   -12.711   -55.099    0.224    4874383.680  1.063     287.90      1.021
  328  17.731  1028.893  -254.306   573.461    51.385   -12.701   -55.585    0.225    4896034.433  1.064     287.92      1.021
  329  17.785  1031.670  -254.992   570.446    51.344   -12.690   -56.070    0.226    4917781.106  1.064     287.94      1.021
  330  17.839  1034.445  -255.678   567.404    51.302   -12.680   -56.554    0.227    4939621.997  1.064     287.96      1.021
  331  17.893  1037.217  -256.363   564.336    51.260   -12.670   -57.038    0.228    4961555.422  1.064     287.98      1.022
  332  17.947  1039.987  -257.048   561.241    51.218   -12.659   -57.521    0.229    4983579.720  1.065     288.00      1.022
  333  18.001  1042.755  -257.732   558.121    51.176   -12.649   -58.004    0.230    5005693.253  1.065     288.02      1.022
  334  18.056  1045.521  -258.416   554.974    51.134   -12.639   -58.486    0.231    5027894.402  1.065     288.04      1.023
  335  18.110  1048.284  -259.099   551.802    51.092   -12.628   -58.967    0.231    5050181.570  1.065     288.06      1.023
  336  18.164  1051.045  -259.781   548.603    51.049   -12.618   -59.448    0.232    5072553.181  1.066     288.08      1.023
  337  18.218  1053.804  -260.463   545.379    51.007   -12.607   -59.928    0.233    5095007.678  1.066     288.11      1.024
  338  18.272  1056.560  -261.144   542.128    50.964   -12.596   -60.407    0.234    5117543.527  1.066     288.13      1.024
  339  18.326  1059.314  -261.825   538.852    50.921   -12.586   -60.886    0.235    5140159.211  1.066     288.15      1.024
  340  18.380  1062.066  -262.505   535.550    50.878   -12.575   -61.364    0.236    5162853.236  1.067     288.17      1.025
  341  18.434  1064.815  -263.185   532.222    50.835   -12.564   -61.842    0.237    5185624.125  1.067     288.19      1.025
  342  18.488  1067.562  -263.863   528.868    50.791   -12.554   -62.319    0.238    5208470.423  1.067     288.21      1.025
  343  18.542  1070.307  -264.542   525.489    50.747   -12.543   -62.795    0.239    5231390.692  1.067     288.23      1.026
  344  18.596  1073.049  -265.220   522.083    50.704   -12.532   -63.270    0.240    5254383.515  1.068     288.26      1.026
  345  18.650  1075.789  -265.897   518.652    50.660   -12.521   -63.745    0.241    5277447.492  1.068     288.28      1.026
  346  18.704  1078.527  -266.574   515.196    50.615   -12.510   -64.219    0.242    5300581.242  1.068     288.30      1.027
  347  18.758  1081.262  -267.250   511.713    50.571   -12.499   -64.693    0.243    5323783.404  1.068     288.32      1.027
  348  18.812  1083.995  -267.925   508.206    50.527   -12.488   -65.165    0.244    5347052.634  1.069     288.35      1.027
  349  18.866  1086.725  -268.600   504.672    50.482   -12.477   -65.638    0.245    5370387.604  1.069     288.37      1.028
  350  18.920  1089.453  -269.274   501.113    50.437   -12.466   -66.109    0.246    5393787.007  1.069     288.39      1.028
  351  18.975  1092.179  -269.948   497.529    50.392   -12.455   -66.580    0.247    5417249.551  1.070     288.42      1.028
  352  19.029  1094.902  -270.621   493.919    50.347   -12.444   -67.050    0.248    5440773.963  1.070     288.44      1.029
  353  19.083  1097.623  -271.293   490.284    50.301   -12.433   -67.519    0.249    5464358.985  1.070     288.46      1.029
  354  19.137  1100.341  -271.965   486.623    50.256   -12.421   -67.988    0.250    5488003.377  1.070     288.49      1.029
  355  19.191  1103.057  -272.636   482.938    50.210   -12.410   -68.456    0.251    5511705.916  1.071     288.51      1.030
  356  19.245  1105.770  -273.307   479.226    50.164   -12.399   -68.923    0.252    5535465.393  1.071     288.54      1.030
  357  19.299  1108.481  -273.977   475.490    50.118   -12.387   -69.389    0.253    5559280.619  1.071     288.56      1.030
  358  19.353  1111.189  -274.646   471.729    50.072   -12.376   -69.855    0.254    5583150.417  1.072     288.58      1.031
  359  19.407  1113.895  -275.315   467.942    50.026   -12.365   -70.320    0.255    5607073.627  1.072     288.61      1.031
  360  19.461  1116.598  -275.983   464.130    49.979   -12.353   -70.784    0.256    5631049.106  1.072     288.63      1.032
  361  19.515  1119.299  -276.651   460.293    49.933   -12.342   -71.248    0.257    5655075.724  1.072     288.66      1.032
  362  19.569  1121.997  -277.318   456.431    49.886   -12.330   -71.711    0.258    5679152.366  1.073     288.68      1.032
  363  19.623  1124.693  -277.984   452.544    49.839   -12.318   -72.173    0.259    5703277.934  1.073     288.71      1.033
  364  19.677  1127.386  -278.650   448.632    49.791   -12.307   -72.634    0.260    5727451.342  1.073     288.73      1.033
  365  19.731  1130.076  -279.315   444.695    49.744   -12.295   -73.094    0.261    5751671.520  1.074     288.76      1.034
  366  19.785  1132.764  -279.979   440.734    49.696   -12.283   -73.554    0.262    5775937.412  1.074     288.79      1.034
  367  19.839  1135.450  -280.643   436.747    49.649   -12.271   -74.013    0.263    5800247.976  1.074     288.81      1.034
  368  19.894  1138.133  -281.306   432.736    49.601   -12.260   -74.472    0.264    5824602.181  1.075     288.84      1.035
  369  19.948  1140.813  -281.968   428.699    49.553   -12.248   -74.929    0.265    5848999.015  1.075     288.86      1.035
  370  20.002  1143.490  -282.630   424.639    49.504   -12.236   -75.386    0.266    5873437.474  1.075     288.89      1.036
  371  20.056  1146.165  -283.291   420.553    49.456   -12.224   -75.842    0.267    5897916.570  1.075     288.92      1.036
  372  20.110  1148.838  -283.952   416.443    49.407   -12.212   -76.297    0.268    5922435.328  1.076     288.94      1.036
  373  20.164  1151.508  -284.612   412.308    49.359   -12.200   -76.751    0.269    5946992.785  1.076     288.97      1.037
  374  20.218  1154.175  -285.271   408.149    49.310   -12.188   -77.205    0.270    5971587.990  1.076     289.00      1.037
  375  20.272  1156.839  -285.930   403.965    49.260   -12.175   -77.658    0.271    5996220.005  1.077     289.02      1.038
  376  20.326  1159.501  -286.587   399.757    49.211   -12.163   -78.110    0.272    6020887.905  1.077     289.05      1.038
  377  20.380  1162.160  -287.245   395.524    49.162   -12.151   -78.561    0.273    6045590.776  1.077     289.08      1.038
  378  20.434  1164.817  -287.901   391.267    49.112   -12.139   -79.011    0.274    6070327.716  1.078     289.11      1.039
  379  20.488  1167.471  -288.557   386.986    49.062   -12.126   -79.461    0.275    6095097.836  1.078     289.13      1.039
  380  20.542  1170.122  -289.213   382.680    49.012   -12.114   -79.910    0.276    6119900.256  1.078     289.16      1.040
  381  20.596  1172.770  -289.867   378.350    48.962   -12.102   -80.357    0.277    6144734.110  1.079     289.19      1.040
  382  20.650  1175.416  -290.521   373.996    48.912   -12.089   -80.805    0.278    6169598.541  1.079     289.22      1.041
  383  20.704  1178.059  -291.174   369.618    48.861   -12.077   -81.251    0.279    6194492.704  1.079     289.25      1.041
  384  20.758  1180.699  -291.827   365.216    48.811   -12.064   -81.696    0.280    6219415.765  1.079     289.28      1.041
  385  20.813  1183.337  -292.479   360.789    48.760   -12.052   -82.141    0.281    6244366.900  1.080     289.30      1.042
  386  20.867  1185.971  -293.130   356.339    48.709   -12.039   -82.585    0.282    6269345.297  1.080     289.33      1.042
  387  20.921  1188.603  -293.780   351.865    48.658   -12.026   -83.028    0.283    6294350.152  1.080     289.36      1.043
  388  20.975  1191.232  -294.430   347.366    48.606   -12.014   -83.470    0.284    6319380.674  1.081     289.39      1.043
  389  21.029  1193.859  -295.079   342.844    48.555   -12.001   -83.911    0.285    6344436.079  1.081     289.42      1.044
  390  21.083  1196.483  -295.728   338.298    48.503   -11.988   -84.351    0.286    6369515.595  1.081     289.45      1.044
  391  21.137  1199.103  -296.376   333.728    48.451   -11.975   -84.791    0.287    6394618.461  1.082     289.48      1.045
  392  21.191  1201.721  -297.023   329.135    48.399   -11.963   -85.230    0.288    6419743.922  1.082     289.51      1.045
  393  21.245  1204.337  -297.669   324.517    48.347   -11.950   -85.668    0.289    6444891.234  1.082     289.54      1.046
  394  21.299  1206.949  -298.315   319.877    48.295   -11.937   -86.104    0.291    6470059.665  1.083     289.57      1.046
  395  21.353  1209.559  -298.960   315.212    48.243   -11.924   -86.541    0.292    6495248.488  1.083     289.60      1.046
  396  21.407  1212.165  -299.604   310.524    48.190   -11.911   -86.976    0.293    6520456.989  1.083     289.63      1.047
  397  21.461  1214.769  -300.248   305.812    48.137   -11.898   -87.410    0.294    6545684.459  1.083     289.66      1.047
  398  21.515  1217.370  -300.891   301.077    48.084   -11.885   -87.844    0.295    6570930.201  1.084     289.69      1.048
  399  21.569  1219.968  -301.533   296.319    48.031   -11.872   -88.276    0.296    6596193.525  1.084     289.72      1.048
  400  21.623  1222.564  -302.174   291.537    47.978   -11.858   -88.708    0.297    6621473.751  1.084     289.76      1.049
  401  21.677  1225.156  -302.815   286.732    47.924   -11.845   -89.139    0.298    6646770.205  1.085     289.79      1.049
  402  21.732  1227.746  -303.455   281.904    47.870   -11.832   -89.568    0.299    6672082.225  1.085     289.82      1.050
  403  21.786  1230.332  -304.094   277.052    47.817   -11.819   -89.997    0.300    6697409.153  1.085     289.85      1.050
  404  21.840  1232.916  -304.733   272.177    47.763   -11.805   -90.425    0.301    6722750.343  1.086     289.88      1.051
  405  21.894  1235.497  -305.371   267.279    47.709   -11.792   -90.853    0.302    6748105.154  1.086     289.91      1.051
  406  21.948  1238.074  -306.008   262.358    47.654   -11.778   -91.279    0.303    6773472.954  1.086     289.94      1.052
  407  22.002  1240.649  -306.644   257.414    47.600   -11.765   -91.704    0.304    6798853.120  1.086     289.98      1.052
  408  22.056  1243.221  -307.280   252.448    47.545   -11.751   -92.129    0.305    6824245.034  1.087     290.01      1.053
  409  22.110  1245.790  -307.915   247.458    47.490   -11.738   -92.552    0.306    6849648.087  1.087     290.04      1.053
  410  22.164  1248.356  -308.549   242.445    47.435   -11.724   -92.975    0.307    6875061.678  1.087     290.07      1.054
  411  22.218  1250.919  -309.183   237.409    47.380   -11.711   -93.396    0.308    6900485.213  1.088     290.11      1.054
  412  22.272  1253.479  -309.816   232.351    47.325   -11.697   -93.817    0.309    6925918.103  1.088     290.14      1.055
  413  22.326  1256.036  -310.448   227.270    47.270   -11.683   -94.237    0.310    6951359.766  1.088     290.17      1.055
  414  22.380  1258.590  -311.079   222.166    47.214   -11.670   -94.656    0.311    6976809.628  1.088     290.21      1.056
  415  22.434  1261.142  -311.709   217.040    47.158   -11.656   -95.074    0.312    7002267.121  1.089     290.24      1.056
  416  22.488  1263.690  -312.339   211.891    47.102   -11.642   -95.491    0.313    7027731.680  1.089     290.27      1.057
  417  22.542  1266.235  -312.968   206.719    47.046   -11.628   -95.907    0.314    7053202.751  1.089     290.31      1.057
  418  22.596  1268.777  -313.597   201.525    46.990   -11.614   -96.322    0.315    7078679.783  1.090     290.34      1.058
  419  22.651  1271.316  -314.224   196.309    46.934   -11.600   -96.736    0.315    7104162.230  1.090     290.37      1.058
  420  22.705  1273.851  -314.851   191.070    46.877   -11.586   -97.149    0.316    7129649.556  1.090     290.41      1.059
  421  22.759  1276.384  -315.477   185.809    46.821   -11.572   -97.561    0.317    7155141.227  1.090     290.44      1.059
  422  22.813  1278.914  -316.102   180.526    46.764   -11.558   -97.973    0.318    7180636.715  1.091     290.48      1.060
  423  22.867  1281.441  -316.727   175.221    46.707   -11.544   -98.383    0.319    7206135.499  1.091     290.51      1.060
  424  22.921  1283.964  -317.350   169.893    46.650   -11.530   -98.792    0.320    7231637.062  1.091     290.55      1.061
  425  22.975  1286.485  -317.973   164.543    46.593   -11.516   -99.201    0.321    7257140.895  1.091     290.58      1.062
  426  23.029  1289.002  -318.596   159.171    46.535   -11.502   -99.608    0.322    7282646.491  1.092     290.62      1.062
  427  23.083  1291.517  -319.217   153.778    46.478   -11.488  -100.014    0.323    7308153.349  1.092     290.65      1.063
  428  23.137  1294.028  -319.838   148.362    46.420   -11.473  -100.420    0.324    7333660.974  1.092     290.69      1.063
  429  23.191  1296.536  -320.458   142.924    46.362   -11.459  -100.824    0.325    7359168.877  1.093     290.72      1.064
  430  23.245  1299.041  -321.077   137.465    46.304   -11.445  -101.228    0.326    7384676.571  1.093     290.76      1.064
  431  23.299  1301.543  -321.695   131.983    46.246   -11.430  -101.630    0.327    7410183.576  1.093     290.79      1.065
  432  23.353  1304.041  -322.313   126.480    46.188   -11.416  -102.032    0.328    7435689.417  1.093     290.83      1.065
  433  23.407  1306.537  -322.930   120.956    46.129   -11.401  -102.432    0.329    7461193.622  1.094     290.86      1.066
  434  23.461  1309.029  -323.546   115.409    46.070   -11.387  -102.832    0.330    7486695.724  1.094     290.90      1.067
  435  23.515  1311.518  -324.161   109.841    46.012   -11.372  -103.230    0.331    7512195.262  1.094     290.94      1.067
  436  23.569  1314.004  -324.775   104.252    45.953   -11.358  -103.628    0.332    7537691.779  1.094     290.97      1.068
  437  23.624  1316.487  -325.389    98.641    45.894   -11.343  -104.024    0.333    7563184.821  1.095     291.01      1.068
  438  23.678  1318.967  -326.002    93.009    45.835   -11.329  -104.420    0.334    7588673.940  1.095     291.05      1.069
  439  23.732  1321.443  -326.614    87.355    45.775   -11.314  -104.814    0.335    7614158.692  1.095     291.08      1.069
  440  23.786  1323.917  -327.225    81.680    45.716   -11.299  -105.208    0.336    7639638.635  1.095     291.12      1.070
  441  23.840  1326.387  -327.836    75.984    45.656   -11.285  -105.600    0.337    7665113.335  1.096     291.16      1.071
  442  23.894  1328.853  -328.445    70.266    45.597   -11.270  -105.992    0.338    7690582.358  1.096     291.19      1.071
  443  23.948  1331.317  -329.054    64.528    45.537   -11.255  -106.382    0.339    7716045.278  1.096     291.23      1.072
  444  24.002  1333.777  -329.662    58.768    45.477   -11.240  -106.771    0.340    7741501.670  1.097     291.27      1.072
  445  24.056  1336.234  -330.270    52.988    45.416   -11.225  -107.160    0.341    7766951.114  1.097     291.31      1.073
  446  24.110  1338.688  -330.876    47.186    45.356   -11.210  -107.547    0.342    7792393.193  1.097     291.34      1.073
  447  24.164  1341.138  -331.482    41.364    45.296   -11.195  -107.933    0.342    7817827.495  1.097     291.38      1.074
  448  24.218  1343.586  -332.087    35.520    45.235   -11.181  -108.319    0.343    7843253.611  1.098     291.42      1.075
  449  24.272  1346.030  -332.691    29.656    45.174   -11.166  -108.703    0.344    7868671.137  1.098     291.46      1.075
  450  24.326  1348.470  -333.294    23.771    45.114   -11.150  -109.086    0.345    7894079.669  1.098     291.50      1.076
  451  24.380  1350.908  -333.896    17.865    45.053   -11.135  -109.468    0.346    7919478.811  1.098     291.53      1.076
  452  24.434  1353.342  -334.498    11.939    44.992   -11.120  -109.849    0.347    7944868.168  1.099     291.57      1.077
  453  24.488  1355.773  -335.099     5.992    44.930   -11.105  -110.230    0.348    7970247.348  1.099     291.61      1.078
  454  24.543  1358.200  -335.699     0.025    44.869   -11.090  -110.609    0.349    7995615.964  1.099     291.65      1.078
  455  24.543  1358.210  -335.701     0.000    44.869   -11.090  -110.610    0.350    8017274.818  1.099     291.65      1.078
###################################################################################################################################
Range= 1399.1 meters, flight time=   24.5 seconds, final location (x,y,z)=( 1358.2, -335.7,    0.0)
