Output output/Halemaumau_run008.txt from Eject, Python version, run on 2020-01-07-1130


Block parameters:
                       Block diameter, m:   0.98
                    Block density, kg/m3:   2500
                             Block shape:  locube
                   Initial velocity, m/s:  185.8
 Ejection angle from horizontal, degrees:   75.1
      Ejection direction, degrees E of N:  119.8
                         Wind speed, m/s:    0.0
             Wind direction, deg. E of N:    0.0
landing point meters below takeoff point:      0
     extent of reduced drag zone, meters:    0.0

Meteorologic conditions:
            Temperature at sea level, Celsius:  25.0
            Thermal lapse rate, deg. C per km:  6.50
Elevation of takeoff point above sea level, m:  1000

TRAJECTORY CALCULATIONS
###################################################################################################################################
    i   t (s)     x (m)     y (m)     z (m)   vx(m/s)  vy (m/s)  vz (m/s)   Mach #     Reynolds #     Cd   Temp (K) rho_air (kg/m3)
    0   0.000     0.000     0.000     0.000    41.318   -23.701   179.614    0.541   10814817.564  0.832     291.65      1.078
    1   0.073     3.022    -1.733    13.113    41.141   -23.599   178.125    0.537   10717090.562  0.831     291.56      1.077
    2   0.147     6.030    -3.459    26.118    40.966   -23.499   176.650    0.532   10620510.890  0.830     291.48      1.076
    3   0.220     9.026    -5.178    39.015    40.793   -23.400   175.189    0.528   10525053.733  0.828     291.40      1.074
    4   0.293    12.010    -6.889    51.806    40.623   -23.302   173.742    0.524   10430695.103  0.827     291.31      1.073
    5   0.366    14.981    -8.593    64.491    40.456   -23.206   172.309    0.520   10337411.797  0.826     291.23      1.072
    6   0.440    17.940   -10.291    77.071    40.291   -23.112   170.889    0.516   10245181.358  0.825     291.15      1.070
    7   0.513    20.886   -11.981    89.548    40.128   -23.018   169.482    0.512   10153982.043  0.824     291.07      1.069
    8   0.586    23.821   -13.664   101.922    39.968   -22.926   168.088    0.508   10063792.788  0.823     290.99      1.068
    9   0.659    26.745   -15.341   114.194    39.810   -22.836   166.707    0.504    9974593.176  0.822     290.91      1.067
   10   0.733    29.656   -17.012   126.366    39.654   -22.746   165.338    0.500    9886363.411  0.821     290.83      1.065
   11   0.806    32.557   -18.675   138.437    39.500   -22.658   163.980    0.496    9799084.288  0.820     290.75      1.064
   12   0.879    35.446   -20.333   150.410    39.349   -22.572   162.635    0.492    9712737.167  0.818     290.67      1.063
   13   0.952    38.324   -21.984   162.284    39.200   -22.486   161.301    0.488    9627303.951  0.817     290.60      1.062
   14   1.026    41.192   -23.629   174.061    39.053   -22.402   159.979    0.485    9542767.061  0.816     290.52      1.061
   15   1.099    44.048   -25.267   185.741    38.908   -22.318   158.668    0.481    9459109.415  0.815     290.44      1.059
   16   1.172    46.894   -26.900   197.326    38.765   -22.236   157.367    0.477    9376314.407  0.814     290.37      1.058
   17   1.245    49.730   -28.526   208.815    38.623   -22.155   156.077    0.474    9294365.877  0.813     290.29      1.057
   18   1.319    52.555   -30.147   220.211    38.484   -22.076   154.798    0.470    9213248.014  0.812     290.22      1.056
   19   1.392    55.371   -31.762   231.513    38.347   -21.997   153.529    0.466    9132945.327  0.811     290.15      1.055
   20   1.465    58.176   -33.371   242.722    38.212   -21.919   152.271    0.463    9053442.644  0.810     290.07      1.054
   21   1.539    60.971   -34.975   253.840    38.078   -21.843   151.022    0.459    8974725.105  0.809     290.00      1.053
   22   1.612    63.757   -36.573   264.866    37.947   -21.767   149.782    0.456    8896778.161  0.808     289.93      1.051
   23   1.685    66.533   -38.165   275.802    37.817   -21.693   148.553    0.452    8819587.571  0.807     289.86      1.050
   24   1.758    69.300   -39.752   286.648    37.689   -21.619   147.332    0.449    8743139.395  0.806     289.79      1.049
   25   1.832    72.057   -41.334   297.405    37.562   -21.547   146.121    0.445    8667419.995  0.805     289.72      1.048
   26   1.905    74.805   -42.910   308.074    37.438   -21.475   144.919    0.442    8592416.023  0.804     289.65      1.047
   27   1.978    77.544   -44.481   318.654    37.315   -21.405   143.726    0.438    8518114.425  0.803     289.58      1.046
   28   2.051    80.274   -46.047   329.148    37.193   -21.335   142.541    0.435    8444502.428  0.802     289.51      1.045
   29   2.125    82.995   -47.608   339.555    37.074   -21.266   141.365    0.432    8371567.544  0.801     289.44      1.044
   30   2.198    85.708   -49.164   349.876    36.955   -21.199   140.197    0.428    8299297.556  0.800     289.38      1.043
   31   2.271    88.412   -50.715   360.111    36.839   -21.132   139.038    0.425    8227680.523  0.799     289.31      1.042
   32   2.344    91.107   -52.261   370.262    36.724   -21.066   137.886    0.422    8156704.765  0.798     289.24      1.041
   33   2.418    93.794   -53.803   380.329    36.610   -21.001   136.742    0.418    8086358.867  0.797     289.18      1.040
   34   2.491    96.473   -55.339   390.313    36.498   -20.936   135.606    0.415    8016631.668  0.796     289.11      1.039
   35   2.564    99.143   -56.871   400.213    36.387   -20.873   134.478    0.412    7947512.259  0.795     289.05      1.038
   36   2.637   101.806   -58.398   410.031    36.278   -20.810   133.357    0.409    7878989.979  0.794     288.98      1.037
   37   2.711   104.460   -59.921   419.767    36.170   -20.748   132.243    0.406    7811054.406  0.794     288.92      1.036
   38   2.784   107.107   -61.439   429.421    36.064   -20.687   131.136    0.402    7743695.357  0.793     288.86      1.035
   39   2.857   109.746   -62.953   438.995    35.959   -20.627   130.037    0.399    7676902.881  0.792     288.80      1.034
   40   2.930   112.377   -64.462   448.489    35.855   -20.567   128.944    0.396    7610667.252  0.791     288.73      1.033
   41   3.004   115.001   -65.967   457.902    35.752   -20.508   127.858    0.393    7544978.970  0.791     288.67      1.032
   42   3.077   117.617   -67.468   467.236    35.651   -20.450   126.779    0.390    7479828.753  0.790     288.61      1.031
   43   3.150   120.226   -68.965   476.492    35.551   -20.393   125.706    0.387    7415207.530  0.789     288.55      1.030
   44   3.224   122.827   -70.457   485.669    35.452   -20.336   124.640    0.384    7351106.443  0.789     288.49      1.029
   45   3.297   125.422   -71.945   494.768    35.355   -20.280   123.579    0.381    7287516.836  0.788     288.43      1.029
   46   3.370   128.009   -73.429   503.789    35.259   -20.225   122.526    0.378    7224430.257  0.787     288.38      1.028
   47   3.443   130.589   -74.909   512.734    35.164   -20.171   121.478    0.375    7161838.447  0.787     288.32      1.027
   48   3.517   133.163   -76.385   521.601    35.070   -20.117   120.436    0.372    7099733.342  0.786     288.26      1.026
   49   3.590   135.729   -77.858   530.393    34.977   -20.064   119.400    0.369    7038107.067  0.786     288.20      1.025
   50   3.663   138.289   -79.326   539.109    34.885   -20.011   118.369    0.366    6976951.931  0.785     288.15      1.024
   51   3.736   140.842   -80.790   547.750    34.794   -19.959   117.344    0.363    6916260.422  0.785     288.09      1.023
   52   3.810   143.388   -82.251   556.316    34.705   -19.908   116.325    0.360    6856025.207  0.784     288.03      1.023
   53   3.883   145.928   -83.708   564.807    34.617   -19.857   115.311    0.357    6796239.143  0.784     287.98      1.022
   54   3.956   148.461   -85.161   573.224    34.529   -19.807   114.303    0.355    6736895.289  0.784     287.92      1.021
   55   4.029   150.988   -86.611   581.568    34.443   -19.757   113.300    0.352    6677986.907  0.783     287.87      1.020
   56   4.103   153.509   -88.057   589.838    34.357   -19.708   112.302    0.349    6619507.452  0.783     287.82      1.019
   57   4.176   156.024   -89.499   598.035    34.273   -19.660   111.309    0.346    6561450.565  0.783     287.76      1.018
   58   4.249   158.532   -90.938   606.159    34.190   -19.612   110.320    0.343    6503810.068  0.782     287.71      1.018
   59   4.322   161.034   -92.373   614.212    34.107   -19.565   109.337    0.341    6446579.954  0.782     287.66      1.017
   60   4.396   163.531   -93.805   622.192    34.026   -19.518   108.359    0.338    6389754.387  0.782     287.61      1.016
   61   4.469   166.021   -95.234   630.101    33.946   -19.472   107.385    0.335    6333327.691  0.782     287.55      1.015
   62   4.542   168.505   -96.659   637.939    33.866   -19.426   106.416    0.332    6277294.348  0.781     287.50      1.015
   63   4.616   170.984   -98.081   645.705    33.787   -19.381   105.452    0.330    6221648.991  0.781     287.45      1.014
   64   4.689   173.457   -99.499   653.402    33.710   -19.337   104.492    0.327    6166386.400  0.781     287.40      1.013
   65   4.762   175.924  -100.915   661.028    33.633   -19.293   103.536    0.324    6111501.499  0.781     287.35      1.012
   66   4.835   178.386  -102.327   668.584    33.557   -19.249   102.585    0.322    6056989.349  0.781     287.30      1.012
   67   4.909   180.842  -103.736   676.071    33.482   -19.206   101.638    0.319    6002845.146  0.781     287.26      1.011
   68   4.982   183.293  -105.142   683.488    33.408   -19.164   100.695    0.316    5949064.217  0.780     287.21      1.010
   69   5.055   185.738  -106.544   690.837    33.335   -19.122    99.757    0.314    5895642.015  0.780     287.16      1.009
   70   5.128   188.178  -107.944   698.117    33.262   -19.080    98.823    0.311    5842574.119  0.780     287.11      1.009
   71   5.202   190.613  -109.340   705.328    33.190   -19.039    97.892    0.308    5789856.227  0.780     287.07      1.008
   72   5.275   193.042  -110.734   712.472    33.120   -18.998    96.966    0.306    5737484.153  0.780     287.02      1.007
   73   5.348   195.467  -112.125   719.547    33.050   -18.958    96.043    0.303    5685453.829  0.780     286.97      1.007
   74   5.421   197.886  -113.512   726.556    32.980   -18.918    95.124    0.301    5633761.297  0.780     286.93      1.006
   75   5.495   200.300  -114.897   733.497    32.912   -18.879    94.209    0.298    5582402.709  0.780     286.88      1.005
   76   5.568   202.709  -116.279   740.371    32.844   -18.840    93.298    0.296    5531374.326  0.779     286.84      1.005
   77   5.641   205.113  -117.658   747.178    32.777   -18.802    92.391    0.293    5480672.512  0.779     286.79      1.004
   78   5.714   207.513  -119.034   753.920    32.711   -18.764    91.487    0.290    5430293.736  0.779     286.75      1.003
   79   5.788   209.907  -120.408   760.595    32.646   -18.727    90.586    0.288    5380234.568  0.779     286.71      1.003
   80   5.861   212.297  -121.779   767.204    32.581   -18.689    89.690    0.285    5330491.677  0.779     286.66      1.002
   81   5.934   214.682  -123.147   773.747    32.517   -18.653    88.796    0.283    5281061.830  0.779     286.62      1.001
   82   6.008   217.062  -124.512   780.226    32.454   -18.617    87.906    0.281    5231941.894  0.779     286.58      1.001
   83   6.081   219.438  -125.875   786.639    32.392   -18.581    87.020    0.278    5183128.826  0.779     286.54      1.000
   84   6.154   221.809  -127.235   792.987    32.330   -18.545    86.136    0.276    5134619.683  0.779     286.50      0.999
   85   6.227   224.176  -128.593   799.271    32.269   -18.510    85.256    0.273    5086411.611  0.779     286.45      0.999
   86   6.301   226.538  -129.948   805.490    32.209   -18.476    84.379    0.271    5038501.850  0.778     286.41      0.998
   87   6.374   228.896  -131.301   811.645    32.149   -18.442    83.505    0.268    4990887.732  0.778     286.37      0.998
   88   6.447   231.250  -132.651   817.736    32.090   -18.408    82.635    0.266    4943566.679  0.778     286.33      0.997
   89   6.520   233.599  -133.998   823.764    32.032   -18.374    81.767    0.264    4896536.204  0.778     286.30      0.997
   90   6.594   235.944  -135.343   829.728    31.975   -18.341    80.903    0.261    4849793.908  0.778     286.26      0.996
   91   6.667   238.285  -136.686   835.629    31.918   -18.309    80.041    0.259    4803337.484  0.778     286.22      0.995
   92   6.740   240.621  -138.026   841.466    31.861   -18.277    79.183    0.257    4757164.713  0.778     286.18      0.995
   93   6.813   242.954  -139.364   847.241    31.806   -18.245    78.327    0.254    4711273.465  0.778     286.14      0.994
   94   6.887   245.282  -140.700   852.954    31.751   -18.213    77.474    0.252    4665661.701  0.777     286.11      0.994
   95   6.960   247.607  -142.033   858.604    31.697   -18.182    76.624    0.250    4620327.469  0.777     286.07      0.993
   96   7.033   249.927  -143.365   864.191    31.643   -18.151    75.776    0.247    4575268.907  0.777     286.03      0.993
   97   7.106   252.244  -144.693   869.717    31.590   -18.121    74.932    0.245    4530484.238  0.777     286.00      0.992
   98   7.180   254.557  -146.020   875.181    31.538   -18.091    74.090    0.243    4485971.768  0.777     285.96      0.992
   99   7.253   256.866  -147.345   880.583    31.486   -18.061    73.251    0.240    4441729.882  0.777     285.93      0.991
  100   7.326   259.171  -148.667   885.924    31.435   -18.032    72.414    0.238    4397757.053  0.776     285.89      0.991
  101   7.399   261.472  -149.987   891.204    31.384   -18.003    71.580    0.236    4354051.839  0.776     285.86      0.990
  102   7.473   263.770  -151.305   896.423    31.334   -17.974    70.748    0.234    4310612.886  0.776     285.82      0.990
  103   7.546   266.064  -152.621   901.581    31.285   -17.946    69.919    0.231    4267438.929  0.776     285.79      0.989
  104   7.619   268.355  -153.935   906.678    31.236   -17.918    69.092    0.229    4224528.797  0.776     285.76      0.989
  105   7.693   270.642  -155.247   911.715    31.188   -17.890    68.268    0.227    4181881.411  0.775     285.72      0.988
  106   7.766   272.925  -156.557   916.691    31.140   -17.863    67.446    0.225    4139495.790  0.775     285.69      0.988
  107   7.839   275.205  -157.865   921.607    31.093   -17.836    66.627    0.223    4097371.048  0.775     285.66      0.987
  108   7.912   277.482  -159.170   926.463    31.047   -17.809    65.809    0.220    4055506.402  0.775     285.63      0.987
  109   7.986   279.755  -160.474   931.260    31.001   -17.783    64.994    0.218    4013901.172  0.774     285.60      0.986
  110   8.059   282.025  -161.776   935.997    30.956   -17.757    64.182    0.216    3972554.781  0.774     285.57      0.986
  111   8.132   284.291  -163.077   940.674    30.911   -17.731    63.371    0.214    3931466.762  0.774     285.54      0.985
  112   8.205   286.554  -164.375   945.292    30.867   -17.706    62.562    0.212    3890636.757  0.774     285.51      0.985
  113   8.279   288.814  -165.671   949.851    30.823   -17.681    61.756    0.210    3850064.521  0.774     285.48      0.984
  114   8.352   291.071  -166.966   954.351    30.780   -17.656    60.952    0.208    3809749.928  0.773     285.45      0.984
  115   8.425   293.325  -168.259   958.792    30.737   -17.632    60.150    0.205    3769692.967  0.773     285.42      0.984
  116   8.498   295.575  -169.550   963.174    30.695   -17.607    59.349    0.203    3729893.753  0.773     285.39      0.983
  117   8.572   297.823  -170.839   967.498    30.653   -17.584    58.551    0.201    3690352.524  0.773     285.36      0.983
  118   8.645   300.067  -172.126   971.763    30.612   -17.560    57.755    0.199    3651069.649  0.772     285.33      0.982
  119   8.718   302.309  -173.412   975.970    30.572   -17.537    56.961    0.197    3612045.628  0.772     285.31      0.982
  120   8.791   304.547  -174.696   980.119    30.532   -17.514    56.168    0.195    3573281.100  0.772     285.28      0.982
  121   8.865   306.783  -175.978   984.210    30.492   -17.491    55.377    0.193    3534776.840  0.772     285.25      0.981
  122   8.938   309.016  -177.259   988.243    30.453   -17.469    54.589    0.191    3496533.773  0.772     285.23      0.981
  123   9.011   311.246  -178.538   992.218    30.414   -17.446    53.802    0.189    3458552.967  0.771     285.20      0.980
  124   9.085   313.473  -179.816   996.136    30.376   -17.425    53.016    0.187    3420835.646  0.771     285.18      0.980
  125   9.158   315.697  -181.092   999.996    30.339   -17.403    52.233    0.185    3383383.192  0.771     285.15      0.980
  126   9.231   317.918  -182.366  1003.799    30.301   -17.382    51.451    0.183    3346197.147  0.771     285.13      0.979
  127   9.304   320.137  -183.639  1007.544    30.265   -17.361    50.671    0.181    3309279.223  0.771     285.10      0.979
  128   9.378   322.353  -184.910  1011.233    30.228   -17.340    49.892    0.179    3272631.301  0.771     285.08      0.979
  129   9.451   324.567  -186.180  1014.864    30.193   -17.319    49.115    0.177    3236255.443  0.770     285.05      0.978
  130   9.524   326.778  -187.448  1018.439    30.157   -17.299    48.340    0.175    3200153.893  0.770     285.03      0.978
  131   9.597   328.986  -188.715  1021.957    30.122   -17.279    47.566    0.173    3164329.081  0.770     285.01      0.978
  132   9.671   331.192  -189.980  1025.418    30.088   -17.259    46.794    0.172    3128783.636  0.770     284.98      0.977
  133   9.744   333.395  -191.244  1028.823    30.054   -17.240    46.023    0.170    3093520.385  0.770     284.96      0.977
  134   9.817   335.596  -192.506  1032.171    30.020   -17.220    45.254    0.168    3058542.362  0.770     284.94      0.977
  135   9.890   337.794  -193.767  1035.463    29.987   -17.201    44.486    0.166    3023852.815  0.770     284.92      0.976
  136   9.964   339.990  -195.027  1038.699    29.954   -17.182    43.720    0.164    2989455.213  0.769     284.90      0.976
  137  10.037   342.184  -196.285  1041.878    29.922   -17.164    42.955    0.162    2955353.248  0.769     284.88      0.976
  138  10.110   344.375  -197.542  1045.002    29.890   -17.146    42.191    0.160    2921550.849  0.769     284.86      0.975
  139  10.183   346.564  -198.798  1048.070    29.858   -17.128    41.429    0.159    2888052.185  0.769     284.84      0.975
  140  10.257   348.750  -200.052  1051.081    29.827   -17.110    40.667    0.157    2854861.670  0.769     284.82      0.975
  141  10.330   350.935  -201.305  1054.038    29.797   -17.092    39.908    0.155    2821983.975  0.769     284.80      0.975
  142  10.403   353.117  -202.557  1056.938    29.766   -17.075    39.149    0.153    2789424.034  0.769     284.78      0.974
  143  10.476   355.296  -203.807  1059.783    29.736   -17.057    38.392    0.152    2757187.048  0.769     284.76      0.974
  144  10.550   357.474  -205.056  1062.573    29.707   -17.040    37.636    0.150    2725278.497  0.769     284.74      0.974
  145  10.623   359.650  -206.304  1065.307    29.677   -17.024    36.881    0.148    2693704.144  0.769     284.73      0.973
  146  10.696   361.823  -207.551  1067.986    29.649   -17.007    36.127    0.147    2662470.044  0.769     284.71      0.973
  147  10.770   363.994  -208.796  1070.610    29.620   -16.991    35.375    0.145    2631582.551  0.769     284.69      0.973
  148  10.843   366.163  -210.041  1073.179    29.592   -16.975    34.623    0.143    2601048.323  0.769     284.67      0.973
  149  10.916   368.330  -211.284  1075.692    29.564   -16.959    33.873    0.142    2570874.333  0.769     284.66      0.972
  150  10.989   370.496  -212.526  1078.151    29.537   -16.943    33.124    0.140    2541067.870  0.769     284.64      0.972
  151  11.063   372.659  -213.766  1080.555    29.510   -16.928    32.375    0.138    2511636.551  0.769     284.63      0.972
  152  11.136   374.820  -215.006  1082.904    29.483   -16.912    31.628    0.137    2482588.321  0.769     284.61      0.972
  153  11.209   376.979  -216.245  1085.198    29.457   -16.897    30.882    0.135    2453931.463  0.769     284.60      0.972
  154  11.282   379.136  -217.482  1087.438    29.431   -16.882    30.137    0.134    2425674.598  0.769     284.58      0.971
  155  11.356   381.292  -218.719  1089.623    29.405   -16.867    29.392    0.132    2397826.693  0.769     284.57      0.971
  156  11.429   383.445  -219.954  1091.754    29.380   -16.853    28.649    0.131    2370397.059  0.769     284.55      0.971
  157  11.502   385.597  -221.188  1093.830    29.354   -16.838    27.907    0.129    2343395.356  0.769     284.54      0.971
  158  11.575   387.747  -222.421  1095.852    29.330   -16.824    27.165    0.128    2316831.595  0.769     284.53      0.971
  159  11.649   389.895  -223.653  1097.819    29.305   -16.810    26.425    0.126    2290716.131  0.769     284.51      0.970
  160  11.722   392.041  -224.885  1099.733    29.281   -16.796    25.685    0.125    2265059.669  0.769     284.50      0.970
  161  11.795   394.185  -226.115  1101.592    29.257   -16.783    24.946    0.124    2239873.251  0.769     284.49      0.970
  162  11.868   396.328  -227.344  1103.397    29.233   -16.769    24.208    0.122    2215168.258  0.769     284.48      0.970
  163  11.942   398.469  -228.572  1105.148    29.210   -16.756    23.470    0.121    2190956.398  0.769     284.47      0.970
  164  12.015   400.608  -229.799  1106.845    29.187   -16.742    22.734    0.120    2167249.697  0.769     284.46      0.970
  165  12.088   402.746  -231.025  1108.488    29.164   -16.729    21.998    0.118    2144060.487  0.769     284.44      0.969
  166  12.162   404.882  -232.250  1110.077    29.142   -16.716    21.263    0.117    2121401.387  0.769     284.43      0.969
  167  12.235   407.016  -233.475  1111.613    29.119   -16.704    20.529    0.116    2099285.293  0.769     284.42      0.969
  168  12.308   409.149  -234.698  1113.094    29.097   -16.691    19.796    0.115    2077725.348  0.769     284.41      0.969
  169  12.381   411.280  -235.920  1114.522    29.075   -16.678    19.063    0.114    2056734.924  0.769     284.41      0.969
  170  12.455   413.409  -237.142  1115.896    29.054   -16.666    18.331    0.113    2036327.592  0.769     284.40      0.969
  171  12.528   415.537  -238.363  1117.217    29.032   -16.654    17.599    0.111    2016517.093  0.770     284.39      0.969
  172  12.601   417.664  -239.582  1118.484    29.011   -16.642    16.868    0.110    1997317.300  0.770     284.38      0.968
  173  12.674   419.788  -240.801  1119.698    28.990   -16.630    16.138    0.109    1978742.182  0.770     284.37      0.968
  174  12.748   421.912  -242.019  1120.858    28.970   -16.618    15.409    0.108    1960805.762  0.770     284.36      0.968
  175  12.821   424.033  -243.236  1121.964    28.949   -16.606    14.680    0.107    1943522.182  0.770     284.36      0.968
  176  12.894   426.154  -244.452  1123.018    28.929   -16.594    13.952    0.107    1926905.488  0.770     284.35      0.968
  177  12.967   428.272  -245.668  1124.017    28.909   -16.583    13.224    0.106    1910969.567  0.770     284.34      0.968
  178  13.041   430.390  -246.882  1124.964    28.889   -16.571    12.497    0.105    1895728.157  0.770     284.34      0.968
  179  13.114   432.506  -248.096  1125.857    28.869   -16.560    11.770    0.104    1881194.785  0.770     284.33      0.968
  180  13.187   434.620  -249.309  1126.698    28.849   -16.549    11.044    0.103    1867382.703  0.770     284.33      0.968
  181  13.260   436.733  -250.521  1127.485    28.830   -16.538    10.319    0.103    1854304.827  0.770     284.32      0.968
  182  13.334   438.844  -251.732  1128.218    28.810   -16.526     9.594    0.102    1841973.669  0.770     284.32      0.968
  183  13.407   440.955  -252.943  1128.899    28.791   -16.515     8.870    0.101    1830401.267  0.770     284.31      0.967
  184  13.480   443.063  -254.152  1129.527    28.772   -16.504     8.146    0.101    1819599.119  0.770     284.31      0.967
  185  13.554   445.171  -255.361  1130.102    28.753   -16.494     7.422    0.100    1809578.112  0.770     284.30      0.967
  186  13.627   447.277  -256.569  1130.623    28.734   -16.483     6.700    0.100    1800348.455  0.770     284.30      0.967
  187  13.700   449.381  -257.776  1131.092    28.716   -16.472     5.977    0.099    1791919.610  0.770     284.30      0.967
  188  13.773   451.484  -258.983  1131.508    28.697   -16.461     5.255    0.099    1784300.229  0.770     284.30      0.967
  189  13.847   453.586  -260.189  1131.871    28.679   -16.451     4.534    0.098    1777498.092  0.770     284.29      0.967
  190  13.920   455.687  -261.393  1132.181    28.660   -16.440     3.813    0.098    1771520.050  0.770     284.29      0.967
  191  13.993   457.786  -262.598  1132.439    28.642   -16.430     3.093    0.098    1766371.968  0.770     284.29      0.967
  192  14.066   459.884  -263.801  1132.643    28.623   -16.419     2.373    0.098    1762058.684  0.770     284.29      0.967
  193  14.140   461.980  -265.003  1132.795    28.605   -16.409     1.653    0.097    1758583.961  0.770     284.29      0.967
  194  14.213   464.075  -266.205  1132.894    28.587   -16.398     0.934    0.097    1755950.458  0.770     284.29      0.967
  195  14.286   466.169  -267.406  1132.941    28.569   -16.388     0.216    0.097    1754159.698  0.770     284.29      0.967
  196  14.359   468.262  -268.607  1132.935    28.551   -16.377    -0.503    0.097    1753212.053  0.770     284.29      0.967
  197  14.433   470.353  -269.806  1132.876    28.532   -16.367    -1.220    0.097    1753106.731  0.770     284.29      0.967
  198  14.506   472.442  -271.005  1132.765    28.514   -16.357    -1.937    0.097    1753841.773  0.770     284.29      0.967
  199  14.579   474.531  -272.203  1132.601    28.496   -16.346    -2.654    0.097    1755414.060  0.770     284.29      0.967
  200  14.652   476.618  -273.400  1132.384    28.478   -16.336    -3.370    0.097    1757819.324  0.770     284.29      0.967
  201  14.726   478.704  -274.597  1132.116    28.460   -16.325    -4.086    0.097    1761052.175  0.770     284.29      0.967
  202  14.799   480.788  -275.792  1131.794    28.442   -16.315    -4.802    0.098    1765106.126  0.770     284.29      0.967
  203  14.872   482.871  -276.987  1131.421    28.423   -16.304    -5.517    0.098    1769973.636  0.770     284.30      0.967
  204  14.945   484.953  -278.181  1130.995    28.405   -16.294    -6.231    0.098    1775646.144  0.770     284.30      0.967
  205  15.019   487.034  -279.375  1130.517    28.387   -16.283    -6.945    0.099    1782114.130  0.770     284.30      0.967
  206  15.092   489.113  -280.568  1129.986    28.369   -16.273    -7.658    0.099    1789367.163  0.770     284.31      0.967
  207  15.165   491.191  -281.759  1129.403    28.350   -16.262    -8.371    0.099    1797393.960  0.770     284.31      0.967
  208  15.239   493.267  -282.950  1128.768    28.332   -16.252    -9.084    0.100    1806182.453  0.770     284.31      0.967
  209  15.312   495.342  -284.141  1128.081    28.313   -16.241    -9.796    0.100    1815719.853  0.770     284.32      0.968
  210  15.385   497.416  -285.330  1127.341    28.294   -16.230   -10.508    0.101    1825992.715  0.770     284.32      0.968
  211  15.458   499.488  -286.519  1126.550    28.276   -16.220   -11.219    0.102    1836987.014  0.770     284.33      0.968
  212  15.532   501.559  -287.707  1125.706    28.257   -16.209   -11.929    0.102    1848688.203  0.770     284.33      0.968
  213  15.605   503.629  -288.894  1124.811    28.238   -16.198   -12.639    0.103    1861081.294  0.770     284.34      0.968
  214  15.678   505.697  -290.081  1123.863    28.219   -16.187   -13.348    0.104    1874150.916  0.770     284.34      0.968
  215  15.751   507.764  -291.266  1122.864    28.199   -16.176   -14.057    0.104    1887881.387  0.770     284.35      0.968
  216  15.825   509.829  -292.451  1121.812    28.180   -16.165   -14.766    0.105    1902256.775  0.770     284.36      0.968
  217  15.898   511.893  -293.635  1120.709    28.160   -16.154   -15.473    0.106    1917260.961  0.770     284.37      0.968
  218  15.971   513.955  -294.818  1119.553    28.141   -16.142   -16.181    0.107    1932877.695  0.770     284.37      0.968
  219  16.044   516.017  -296.000  1118.346    28.121   -16.131   -16.887    0.108    1949090.653  0.770     284.38      0.968
  220  16.118   518.076  -297.182  1117.088    28.101   -16.119   -17.593    0.109    1965883.490  0.770     284.39      0.969
  221  16.191   520.134  -298.362  1115.777    28.081   -16.108   -18.298    0.110    1983239.883  0.770     284.40      0.969
  222  16.264   522.191  -299.542  1114.415    28.061   -16.096   -19.003    0.111    2001143.682  0.770     284.41      0.969
  223  16.337   524.246  -300.721  1113.001    28.040   -16.085   -19.707    0.112    2019578.816  0.770     284.42      0.969
  224  16.411   526.300  -301.899  1111.536    28.020   -16.073   -20.411    0.113    2038529.294  0.769     284.43      0.969
  225  16.484   528.352  -303.076  1110.019    27.999   -16.061   -21.114    0.114    2057979.302  0.769     284.43      0.969
  226  16.557   530.402  -304.252  1108.451    27.978   -16.049   -21.816    0.115    2077913.235  0.769     284.45      0.969
  227  16.631   532.452  -305.428  1106.831    27.957   -16.037   -22.517    0.116    2098315.719  0.769     284.46      0.970
  228  16.704   534.499  -306.602  1105.160    27.935   -16.024   -23.218    0.117    2119171.641  0.769     284.47      0.970
  229  16.777   536.545  -307.776  1103.438    27.914   -16.012   -23.918    0.118    2140466.159  0.769     284.48      0.970
  230  16.850   538.589  -308.948  1101.664    27.892   -16.000   -24.617    0.119    2162184.728  0.769     284.49      0.970
  231  16.924   540.632  -310.120  1099.839    27.870   -15.987   -25.316    0.121    2184313.104  0.769     284.50      0.970
  232  16.997   542.673  -311.291  1097.963    27.848   -15.974   -26.014    0.122    2206837.365  0.769     284.51      0.970
  233  17.070   544.713  -312.461  1096.036    27.826   -15.962   -26.711    0.123    2229743.910  0.769     284.53      0.971
  234  17.143   546.751  -313.630  1094.058    27.803   -15.949   -27.407    0.124    2253019.473  0.769     284.54      0.971
  235  17.217   548.787  -314.798  1092.029    27.780   -15.935   -28.103    0.126    2276651.125  0.769     284.55      0.971
  236  17.290   550.822  -315.965  1089.949    27.757   -15.922   -28.797    0.127    2300626.275  0.769     284.57      0.971
  237  17.363   552.854  -317.131  1087.818    27.734   -15.909   -29.491    0.128    2324932.674  0.769     284.58      0.971
  238  17.436   554.886  -318.296  1085.636    27.711   -15.896   -30.184    0.130    2349558.411  0.769     284.59      0.972
  239  17.510   556.915  -319.460  1083.404    27.687   -15.882   -30.876    0.131    2374491.917  0.769     284.61      0.972
  240  17.583   558.943  -320.624  1081.121    27.663   -15.868   -31.567    0.132    2399721.957  0.769     284.62      0.972
  241  17.656   560.969  -321.786  1078.787    27.639   -15.854   -32.258    0.134    2425237.629  0.769     284.64      0.972
  242  17.729   562.993  -322.947  1076.403    27.614   -15.840   -32.947    0.135    2451028.359  0.769     284.65      0.972
  243  17.803   565.015  -324.107  1073.968    27.590   -15.826   -33.636    0.136    2477083.896  0.769     284.67      0.973
  244  17.876   567.036  -325.266  1071.483    27.565   -15.812   -34.323    0.138    2503394.305  0.769     284.69      0.973
  245  17.949   569.054  -326.424  1068.947    27.540   -15.798   -35.010    0.139    2529949.961  0.769     284.70      0.973
  246  18.023   571.071  -327.581  1066.361    27.515   -15.783   -35.696    0.141    2556741.543  0.769     284.72      0.973
  247  18.096   573.086  -328.737  1063.725    27.489   -15.768   -36.380    0.142    2583760.028  0.769     284.74      0.974
  248  18.169   575.099  -329.891  1061.039    27.463   -15.754   -37.064    0.144    2610996.679  0.769     284.75      0.974
  249  18.242   577.110  -331.045  1058.303    27.437   -15.739   -37.747    0.145    2638443.043  0.769     284.77      0.974
  250  18.316   579.120  -332.198  1055.517    27.411   -15.723   -38.428    0.147    2666090.939  0.769     284.79      0.974
  251  18.389   581.127  -333.349  1052.680    27.384   -15.708   -39.109    0.148    2693932.452  0.769     284.81      0.975
  252  18.462   583.133  -334.500  1049.794    27.357   -15.693   -39.788    0.150    2721959.926  0.769     284.83      0.975
  253  18.535   585.136  -335.649  1046.859    27.330   -15.677   -40.467    0.151    2750165.953  0.769     284.85      0.975
  254  18.609   587.137  -336.797  1043.873    27.303   -15.662   -41.144    0.153    2778543.368  0.769     284.86      0.975
  255  18.682   589.137  -337.944  1040.838    27.275   -15.646   -41.821    0.154    2807085.242  0.769     284.88      0.976
  256  18.755   591.134  -339.089  1037.754    27.247   -15.630   -42.496    0.156    2835784.871  0.769     284.90      0.976
  257  18.828   593.129  -340.234  1034.620    27.219   -15.614   -43.170    0.157    2864635.769  0.769     284.92      0.976
  258  18.902   595.123  -341.377  1031.437    27.191   -15.597   -43.842    0.159    2893631.665  0.769     284.95      0.977
  259  18.975   597.114  -342.520  1028.204    27.162   -15.581   -44.514    0.160    2922766.489  0.769     284.97      0.977
  260  19.048   599.103  -343.661  1024.923    27.133   -15.564   -45.185    0.162    2952034.371  0.769     284.99      0.977
  261  19.121   601.090  -344.800  1021.592    27.104   -15.547   -45.854    0.163    2981429.629  0.769     285.01      0.978
  262  19.195   603.075  -345.939  1018.212    27.074   -15.531   -46.522    0.165    3010946.767  0.769     285.03      0.978
  263  19.268   605.057  -347.076  1014.783    27.045   -15.514   -47.189    0.167    3040580.464  0.770     285.05      0.978
  264  19.341   607.038  -348.212  1011.306    27.015   -15.496   -47.854    0.168    3070325.570  0.770     285.08      0.979
  265  19.414   609.016  -349.347  1007.780    26.985   -15.479   -48.518    0.170    3100177.100  0.770     285.10      0.979
  266  19.488   610.992  -350.480  1004.205    26.954   -15.462   -49.181    0.171    3130130.228  0.770     285.12      0.979
  267  19.561   612.966  -351.613  1000.582    26.923   -15.444   -49.843    0.173    3160180.278  0.770     285.15      0.980
  268  19.634   614.937  -352.744   996.910    26.892   -15.426   -50.503    0.174    3190322.724  0.770     285.17      0.980
  269  19.708   616.907  -353.873   993.190    26.861   -15.408   -51.162    0.176    3220553.180  0.770     285.19      0.980
  270  19.781   618.873  -355.001   989.421    26.829   -15.390   -51.820    0.178    3250867.396  0.770     285.22      0.981
  271  19.854   620.838  -356.128   985.605    26.797   -15.372   -52.476    0.179    3281261.254  0.771     285.24      0.981
  272  19.927   622.800  -357.254   981.740    26.765   -15.353   -53.131    0.181    3311730.763  0.771     285.27      0.981
  273  20.001   624.760  -358.378   977.828    26.733   -15.335   -53.785    0.182    3342272.052  0.771     285.29      0.982
  274  20.074   626.718  -359.501   973.868    26.700   -15.316   -54.437    0.184    3372881.369  0.771     285.32      0.982
  275  20.147   628.673  -360.623   969.859    26.667   -15.297   -55.088    0.186    3403555.074  0.771     285.35      0.983
  276  20.220   630.626  -361.743   965.804    26.634   -15.278   -55.737    0.187    3434289.636  0.771     285.37      0.983
  277  20.294   632.576  -362.862   961.701    26.601   -15.259   -56.385    0.189    3465081.629  0.771     285.40      0.983
  278  20.367   634.524  -363.979   957.550    26.567   -15.240   -57.031    0.190    3495927.727  0.772     285.43      0.984
  279  20.440   636.469  -365.095   953.352    26.533   -15.220   -57.676    0.192    3526824.702  0.772     285.45      0.984
  280  20.513   638.412  -366.209   949.107    26.499   -15.200   -58.320    0.194    3557769.420  0.772     285.48      0.985
  281  20.587   640.352  -367.322   944.815    26.464   -15.181   -58.961    0.195    3588758.837  0.772     285.51      0.985
  282  20.660   642.290  -368.434   940.475    26.430   -15.161   -59.602    0.197    3619789.996  0.772     285.54      0.985
  283  20.733   644.225  -369.544   936.089    26.395   -15.141   -60.241    0.199    3650860.023  0.772     285.57      0.986
  284  20.806   646.158  -370.652   931.657    26.359   -15.120   -60.878    0.200    3681966.127  0.773     285.59      0.986
  285  20.880   648.088  -371.760   927.177    26.324   -15.100   -61.513    0.202    3713105.593  0.773     285.62      0.987
  286  20.953   650.015  -372.865   922.651    26.288   -15.079   -62.148    0.203    3744275.783  0.773     285.65      0.987
  287  21.026   651.940  -373.969   918.079    26.252   -15.059   -62.780    0.205    3775474.130  0.773     285.68      0.987
  288  21.100   653.862  -375.072   913.460    26.216   -15.038   -63.411    0.207    3806698.139  0.773     285.71      0.988
  289  21.173   655.782  -376.173   908.795    26.179   -15.017   -64.040    0.208    3837945.381  0.773     285.74      0.988
  290  21.246   657.699  -377.273   904.084    26.142   -14.996   -64.668    0.210    3869213.493  0.774     285.77      0.989
  291  21.319   659.613  -378.371   899.328    26.105   -14.975   -65.294    0.211    3900500.176  0.774     285.80      0.989
  292  21.393   661.524  -379.467   894.525    26.068   -14.953   -65.918    0.213    3931803.191  0.774     285.84      0.990
  293  21.466   663.433  -380.562   889.677    26.030   -14.932   -66.541    0.215    3963120.358  0.774     285.87      0.990
  294  21.539   665.339  -381.655   884.783    25.992   -14.910   -67.162    0.216    3994449.555  0.774     285.90      0.991
  295  21.612   667.242  -382.747   879.843    25.954   -14.888   -67.781    0.218    4025788.715  0.774     285.93      0.991
  296  21.686   669.142  -383.837   874.859    25.916   -14.866   -68.398    0.219    4057135.823  0.775     285.96      0.992
  297  21.759   671.040  -384.925   869.829    25.877   -14.844   -69.014    0.221    4088488.917  0.775     286.00      0.992
  298  21.832   672.934  -386.012   864.754    25.838   -14.821   -69.628    0.223    4119846.085  0.775     286.03      0.993
  299  21.905   674.826  -387.097   859.634    25.799   -14.799   -70.240    0.224    4151205.462  0.775     286.06      0.993
  300  21.979   676.715  -388.181   854.470    25.760   -14.776   -70.851    0.226    4182565.233  0.775     286.10      0.994
  301  22.052   678.601  -389.263   849.260    25.720   -14.754   -71.459    0.227    4213923.626  0.775     286.13      0.994
  302  22.125   680.484  -390.343   844.007    25.680   -14.731   -72.066    0.229    4245278.913  0.776     286.16      0.995
  303  22.198   682.364  -391.421   838.708    25.640   -14.708   -72.672    0.231    4276629.410  0.776     286.20      0.995
  304  22.272   684.241  -392.498   833.366    25.600   -14.685   -73.275    0.232    4307973.474  0.776     286.23      0.996
  305  22.345   686.116  -393.573   827.979    25.559   -14.661   -73.876    0.234    4339309.502  0.776     286.27      0.996
  306  22.418   687.987  -394.647   822.549    25.518   -14.638   -74.476    0.235    4370635.930  0.776     286.30      0.997
  307  22.492   689.855  -395.718   817.074    25.477   -14.614   -75.074    0.237    4401951.234  0.776     286.34      0.997
  308  22.565   691.720  -396.788   811.556    25.436   -14.591   -75.670    0.238    4433253.923  0.776     286.37      0.998
  309  22.638   693.583  -397.856   805.994    25.394   -14.567   -76.264    0.240    4464542.546  0.777     286.41      0.998
  310  22.711   695.442  -398.923   800.389    25.352   -14.543   -76.856    0.242    4495815.685  0.777     286.45      0.999
  311  22.785   697.298  -399.988   794.740    25.310   -14.519   -77.446    0.243    4527071.955  0.777     286.48      0.999
  312  22.858   699.151  -401.051   789.048    25.268   -14.494   -78.034    0.245    4558310.006  0.777     286.52      1.000
  313  22.931   701.001  -402.112   783.313    25.226   -14.470   -78.621    0.246    4589528.518  0.777     286.56      1.000
  314  23.004   702.847  -403.171   777.535    25.183   -14.446   -79.205    0.248    4620726.205  0.777     286.60      1.001
  315  23.078   704.691  -404.229   771.715    25.140   -14.421   -79.788    0.249    4651901.810  0.777     286.63      1.002
  316  23.151   706.532  -405.284   765.852    25.097   -14.396   -80.368    0.251    4683054.105  0.777     286.67      1.002
  317  23.224   708.369  -406.338   759.946    25.053   -14.371   -80.947    0.252    4714181.892  0.777     286.71      1.003
  318  23.297   710.203  -407.390   753.998    25.010   -14.346   -81.524    0.254    4745284.001  0.778     286.75      1.003
  319  23.371   712.034  -408.441   748.008    24.966   -14.321   -82.098    0.255    4776359.286  0.778     286.79      1.004
  320  23.444   713.862  -409.489   741.976    24.922   -14.296   -82.671    0.257    4807406.626  0.778     286.83      1.004
  321  23.517   715.686  -410.536   735.902    24.878   -14.270   -83.242    0.258    4838424.920  0.778     286.87      1.005
  322  23.590   717.507  -411.580   729.786    24.833   -14.245   -83.811    0.260    4869413.094  0.778     286.91      1.006
  323  23.664   719.325  -412.623   723.628    24.788   -14.219   -84.377    0.261    4900370.090  0.778     286.95      1.006
  324  23.737   721.140  -413.664   717.429    24.743   -14.193   -84.942    0.263    4931294.876  0.778     286.99      1.007
  325  23.810   722.951  -414.703   711.189    24.698   -14.168   -85.505    0.264    4962186.436  0.778     287.03      1.007
  326  23.883   724.760  -415.740   704.908    24.653   -14.142   -86.066    0.266    4993043.776  0.778     287.07      1.008
  327  23.957   726.564  -416.776   698.585    24.607   -14.115   -86.624    0.267    5023865.921  0.778     287.11      1.009
  328  24.030   728.366  -417.809   692.222    24.562   -14.089   -87.181    0.269    5054651.913  0.778     287.15      1.009
  329  24.103   730.164  -418.840   685.818    24.516   -14.063   -87.735    0.270    5085400.813  0.778     287.19      1.010
  330  24.177   731.958  -419.870   679.374    24.470   -14.036   -88.288    0.272    5116111.700  0.779     287.23      1.011
  331  24.250   733.750  -420.897   672.889    24.423   -14.010   -88.838    0.273    5146783.667  0.779     287.28      1.011
  332  24.323   735.538  -421.923   666.363    24.377   -13.983   -89.386    0.275    5177415.826  0.779     287.32      1.012
  333  24.396   737.322  -422.947   659.798    24.330   -13.956   -89.932    0.276    5208007.305  0.779     287.36      1.012
  334  24.470   739.103  -423.968   653.193    24.283   -13.929   -90.476    0.278    5238557.245  0.779     287.40      1.013
  335  24.543   740.881  -424.988   646.548    24.236   -13.902   -91.018    0.279    5269064.804  0.779     287.45      1.014
  336  24.616   742.655  -426.006   639.863    24.188   -13.875   -91.558    0.281    5299529.153  0.779     287.49      1.014
  337  24.689   744.425  -427.021   633.139    24.141   -13.848   -92.096    0.282    5329949.479  0.779     287.53      1.015
  338  24.763   746.193  -428.035   626.375    24.093   -13.821   -92.632    0.283    5360324.981  0.779     287.58      1.016
  339  24.836   747.956  -429.047   619.573    24.045   -13.793   -93.165    0.285    5390654.872  0.779     287.62      1.016
  340  24.909   749.716  -430.056   612.731    23.997   -13.765   -93.696    0.286    5420938.377  0.779     287.67      1.017
  341  24.982   751.473  -431.064   605.850    23.949   -13.738   -94.225    0.288    5451174.736  0.779     287.71      1.018
  342  25.056   753.226  -432.069   598.931    23.901   -13.710   -94.752    0.289    5481363.198  0.779     287.76      1.018
  343  25.129   754.976  -433.073   591.973    23.852   -13.682   -95.277    0.291    5511503.026  0.779     287.80      1.019
  344  25.202   756.722  -434.075   584.977    23.803   -13.654   -95.800    0.292    5541593.494  0.779     287.85      1.020
  345  25.275   758.464  -435.074   577.943    23.754   -13.626   -96.321    0.293    5571633.888  0.779     287.89      1.020
  346  25.349   760.203  -436.071   570.870    23.705   -13.598   -96.839    0.295    5601623.503  0.779     287.94      1.021
  347  25.422   761.938  -437.067   563.760    23.656   -13.570   -97.355    0.296    5631561.646  0.779     287.99      1.022
  348  25.495   763.669  -438.060   556.612    23.606   -13.541   -97.869    0.298    5661447.636  0.780     288.03      1.023
  349  25.569   765.397  -439.051   549.426    23.557   -13.513   -98.381    0.299    5691280.798  0.780     288.08      1.023
  350  25.642   767.122  -440.040   542.203    23.507   -13.484   -98.890    0.300    5721060.470  0.780     288.13      1.024
  351  25.715   768.842  -441.027   534.942    23.457   -13.456   -99.397    0.302    5750786.000  0.780     288.17      1.025
  352  25.788   770.559  -442.012   527.645    23.407   -13.427   -99.903    0.303    5780456.743  0.780     288.22      1.025
  353  25.862   772.273  -442.995   520.311    23.357   -13.398  -100.405    0.304    5810072.066  0.780     288.27      1.026
  354  25.935   773.982  -443.976   512.939    23.306   -13.369  -100.906    0.306    5839631.341  0.780     288.32      1.027
  355  26.008   775.688  -444.954   505.531    23.255   -13.340  -101.405    0.307    5869133.953  0.780     288.36      1.028
  356  26.081   777.390  -445.931   498.087    23.205   -13.311  -101.901    0.308    5898579.293  0.780     288.41      1.028
  357  26.155   779.089  -446.905   490.607    23.154   -13.282  -102.395    0.310    5927966.761  0.780     288.46      1.029
  358  26.228   780.784  -447.877   483.090    23.103   -13.252  -102.886    0.311    5957295.765  0.780     288.51      1.030
  359  26.301   782.475  -448.847   475.537    23.052   -13.223  -103.376    0.312    5986565.722  0.780     288.56      1.030
  360  26.374   784.162  -449.815   467.949    23.000   -13.193  -103.863    0.314    6015776.054  0.780     288.61      1.031
  361  26.448   785.845  -450.781   460.325    22.949   -13.164  -104.348    0.315    6044926.194  0.780     288.66      1.032
  362  26.521   787.525  -451.744   452.665    22.897   -13.134  -104.830    0.316    6074015.580  0.780     288.71      1.033
  363  26.594   789.201  -452.706   444.971    22.845   -13.105  -105.311    0.318    6103043.659  0.780     288.76      1.034
  364  26.667   790.873  -453.665   437.241    22.793   -13.075  -105.789    0.319    6132009.884  0.781     288.81      1.034
  365  26.741   792.541  -454.622   429.476    22.741   -13.045  -106.265    0.320    6160913.716  0.781     288.86      1.035
  366  26.814   794.206  -455.576   421.676    22.689   -13.015  -106.738    0.321    6189754.623  0.781     288.91      1.036
  367  26.887   795.866  -456.529   413.842    22.637   -12.985  -107.209    0.323    6218532.077  0.781     288.96      1.037
  368  26.961   797.523  -457.479   405.973    22.584   -12.955  -107.678    0.324    6247245.562  0.781     289.01      1.037
  369  27.034   799.176  -458.428   398.070    22.532   -12.925  -108.145    0.325    6275894.563  0.781     289.06      1.038
  370  27.107   800.825  -459.374   390.133    22.479   -12.894  -108.609    0.326    6304478.575  0.781     289.11      1.039
  371  27.180   802.471  -460.317   382.162    22.426   -12.864  -109.071    0.328    6332997.098  0.781     289.17      1.040
  372  27.254   804.112  -461.259   374.157    22.373   -12.834  -109.531    0.329    6361449.638  0.781     289.22      1.041
  373  27.327   805.749  -462.198   366.119    22.320   -12.803  -109.988    0.330    6389835.709  0.781     289.27      1.041
  374  27.400   807.383  -463.135   358.047    22.267   -12.773  -110.443    0.331    6418154.829  0.781     289.32      1.042
  375  27.473   809.013  -464.070   349.942    22.213   -12.742  -110.896    0.333    6446406.523  0.781     289.38      1.043
  376  27.547   810.638  -465.003   341.803    22.160   -12.711  -111.347    0.334    6474590.321  0.781     289.43      1.044
  377  27.620   812.260  -465.933   333.632    22.106   -12.681  -111.795    0.335    6502705.761  0.782     289.48      1.045
  378  27.693   813.878  -466.861   325.428    22.052   -12.650  -112.241    0.336    6530752.383  0.782     289.53      1.045
  379  27.766   815.492  -467.787   317.192    21.999   -12.619  -112.684    0.337    6558729.737  0.782     289.59      1.046
  380  27.840   817.102  -468.710   308.923    21.945   -12.588  -113.125    0.339    6586637.376  0.782     289.64      1.047
  381  27.913   818.708  -469.632   300.622    21.891   -12.557  -113.564    0.340    6614474.859  0.782     289.70      1.048
  382  27.986   820.310  -470.551   292.288    21.836   -12.526  -114.000    0.341    6642241.751  0.782     289.75      1.049
  383  28.059   821.908  -471.467   283.923    21.782   -12.495  -114.434    0.342    6669937.622  0.782     289.80      1.050
  384  28.133   823.503  -472.382   275.526    21.728   -12.464  -114.866    0.343    6697562.048  0.782     289.86      1.050
  385  28.206   825.093  -473.294   267.098    21.673   -12.432  -115.296    0.344    6725114.611  0.782     289.91      1.051
  386  28.279   826.679  -474.204   258.638    21.619   -12.401  -115.723    0.346    6752594.895  0.783     289.97      1.052
  387  28.352   828.261  -475.111   250.147    21.564   -12.370  -116.147    0.347    6780002.495  0.783     290.02      1.053
  388  28.426   829.839  -476.017   241.625    21.509   -12.338  -116.570    0.348    6807337.006  0.783     290.08      1.054
  389  28.499   831.413  -476.920   233.072    21.454   -12.307  -116.990    0.349    6834598.031  0.783     290.14      1.055
  390  28.572   832.984  -477.820   224.488    21.399   -12.275  -117.407    0.350    6861785.177  0.783     290.19      1.056
  391  28.646   834.550  -478.719   215.874    21.344   -12.244  -117.823    0.351    6888898.058  0.783     290.25      1.056
  392  28.719   836.112  -479.615   207.229    21.289   -12.212  -118.236    0.352    6915936.292  0.783     290.30      1.057
  393  28.792   837.670  -480.508   198.555    21.234   -12.180  -118.646    0.353    6942899.501  0.783     290.36      1.058
  394  28.865   839.224  -481.400   189.850    21.179   -12.149  -119.054    0.355    6969787.315  0.784     290.42      1.059
  395  28.939   840.774  -482.289   181.115    21.123   -12.117  -119.460    0.356    6996599.366  0.784     290.47      1.060
  396  29.012   842.319  -483.176   172.351    21.068   -12.085  -119.864    0.357    7023335.294  0.784     290.53      1.061
  397  29.085   843.861  -484.060   163.557    21.012   -12.053  -120.265    0.358    7049994.742  0.784     290.59      1.062
  398  29.158   845.399  -484.942   154.734    20.956   -12.021  -120.663    0.359    7076577.360  0.784     290.64      1.063
  399  29.232   846.932  -485.822   145.882    20.901   -11.989  -121.060    0.360    7103082.801  0.784     290.70      1.063
  400  29.305   848.462  -486.699   137.001    20.845   -11.957  -121.454    0.361    7129510.724  0.784     290.76      1.064
  401  29.378   849.987  -487.574   128.091    20.789   -11.925  -121.845    0.362    7155860.795  0.785     290.82      1.065
  402  29.451   851.509  -488.447   119.152    20.733   -11.893  -122.235    0.363    7182132.682  0.785     290.88      1.066
  403  29.525   853.026  -489.317   110.185    20.677   -11.861  -122.621    0.364    7208326.060  0.785     290.93      1.067
  404  29.598   854.539  -490.185   101.190    20.621   -11.829  -123.006    0.365    7234440.609  0.785     290.99      1.068
  405  29.671   856.048  -491.051    92.167    20.565   -11.796  -123.388    0.366    7260476.014  0.785     291.05      1.069
  406  29.744   857.553  -491.914    83.116    20.508   -11.764  -123.768    0.367    7286431.967  0.785     291.11      1.070
  407  29.818   859.054  -492.775    74.036    20.452   -11.732  -124.145    0.368    7312308.167  0.786     291.17      1.071
  408  29.891   860.550  -493.633    64.930    20.396   -11.699  -124.520    0.369    7338104.320  0.786     291.23      1.072
  409  29.964   862.043  -494.490    55.796    20.339   -11.667  -124.893    0.370    7363820.141  0.786     291.29      1.073
  410  30.038   863.531  -495.343    46.635    20.283   -11.635  -125.263    0.371    7389455.349  0.786     291.35      1.074
  411  30.111   865.016  -496.195    37.446    20.226   -11.602  -125.631    0.372    7415009.672  0.786     291.41      1.074
  412  30.184   866.496  -497.044    28.231    20.169   -11.570  -125.996    0.373    7440482.845  0.786     291.47      1.075
  413  30.257   867.972  -497.890    18.989    20.113   -11.537  -126.360    0.374    7465874.610  0.787     291.53      1.076
  414  30.331   869.443  -498.735     9.721    20.056   -11.505  -126.720    0.375    7491184.716  0.787     291.59      1.077
  415  30.404   870.911  -499.577     0.426    19.999   -11.472  -127.079    0.376    7516412.917  0.787     291.65      1.078
  416  30.407   870.978  -499.615     0.000    19.997   -11.471  -127.095    0.377    7536372.166  0.787     291.65      1.078
###################################################################################################################################
Range= 1004.1 meters, flight time=   30.4 seconds, final location (x,y,z)=(  871.0, -499.6,    0.0)
